# contour 0
635,1185
637,1183
644,1183
645,1184
646,1184
649,1187
649,1192
646,1195
641,1195
640,1194
639,1194
637,1192
637,1191
636,1190
636,1189
635,1188
# contour 1
695,1163
694,1162
689,1162
688,1163
686,1163
685,1164
681,1164
680,1165
678,1165
677,1166
675,1166
673,1168
674,1169
677,1169
678,1170
682,1170
683,1169
687,1169
688,1168
690,1168
691,1167
693,1167
695,1165
# contour 2
776,1158
777,1158
778,1159
779,1159
780,1160
781,1160
782,1161
783,1161
784,1162
787,1162
788,1163
791,1163
792,1164
797,1164
798,1165
815,1165
816,1164
819,1164
820,1163
821,1163
823,1161
823,1160
821,1158
# contour 3
843,1170
843,1164
844,1163
844,1162
845,1161
845,1160
846,1159
846,1158
849,1155
850,1155
851,1154
852,1154
853,1153
854,1153
855,1152
870,1152
871,1153
872,1153
873,1154
873,1155
874,1156
874,1161
873,1162
873,1164
870,1167
869,1167
868,1166
867,1166
864,1163
863,1163
863,1165
862,1166
862,1168
860,1170
859,1170
858,1171
848,1171
847,1172
845,1172
# contour 4
520,1089
521,1090
522,1090
524,1092
524,1093
525,1094
525,1103
526,1104
526,1121
525,1122
525,1123
521,1127
519,1127
518,1128
516,1128
515,1129
512,1129
511,1130
509,1130
508,1131
506,1131
504,1133
503,1133
502,1134
501,1134
500,1135
499,1135
497,1137
496,1137
495,1138
494,1138
493,1139
492,1139
490,1141
489,1141
488,1142
487,1142
485,1144
484,1144
483,1145
482,1145
480,1147
479,1147
478,1148
477,1148
475,1150
474,1150
472,1152
471,1152
470,1153
469,1153
467,1155
466,1155
464,1157
463,1157
461,1159
460,1159
458,1161
457,1161
455,1163
454,1163
451,1166
450,1166
448,1168
447,1168
444,1171
443,1171
440,1174
439,1174
436,1177
435,1177
431,1181
430,1181
425,1186
424,1186
417,1193
416,1193
401,1208
401,1209
396,1214
396,1215
394,1217
394,1218
392,1220
392,1221
390,1223
390,1224
388,1226
388,1227
387,1228
387,1229
386,1230
386,1231
385,1232
385,1233
384,1234
384,1235
383,1236
383,1238
382,1239
382,1240
381,1241
381,1243
380,1244
380,1246
379,1247
379,1249
378,1250
378,1253
377,1254
377,1257
376,1258
376,1262
375,1263
375,1271
374,1272
374,1290
375,1291
375,1297
376,1298
376,1302
377,1303
377,1305
378,1306
378,1308
379,1309
379,1311
380,1312
380,1313
381,1314
381,1316
382,1317
382,1318
383,1319
383,1320
385,1322
385,1323
387,1325
387,1326
389,1328
389,1329
393,1333
393,1334
405,1346
406,1346
412,1352
413,1352
416,1355
417,1355
420,1358
421,1358
423,1360
424,1360
426,1362
427,1362
428,1363
429,1363
431,1365
432,1365
433,1366
434,1366
435,1367
436,1367
437,1368
438,1368
439,1369
440,1369
441,1370
442,1370
443,1371
444,1371
445,1372
447,1372
448,1373
449,1373
450,1374
452,1374
453,1375
454,1375
455,1376
457,1376
458,1377
461,1377
462,1378
464,1378
465,1379
468,1379
469,1380
473,1380
474,1381
478,1381
479,1382
486,1382
487,1383
505,1383
506,1384
510,1384
511,1383
515,1383
516,1384
539,1384
540,1383
545,1383
546,1382
549,1382
550,1381
553,1381
554,1380
556,1380
557,1379
559,1379
560,1378
562,1378
563,1377
565,1377
566,1376
567,1376
568,1375
570,1375
571,1374
572,1374
573,1373
574,1373
575,1372
576,1372
577,1371
578,1371
579,1370
580,1370
581,1369
582,1369
583,1368
584,1368
585,1367
586,1367
587,1366
588,1366
589,1365
590,1365
591,1364
592,1364
593,1363
594,1363
596,1361
597,1361
598,1360
599,1360
600,1359
601,1359
602,1358
603,1358
605,1356
606,1356
607,1355
608,1355
609,1354
610,1354
612,1352
613,1352
614,1351
615,1351
617,1349
618,1349
619,1348
620,1348
621,1347
622,1347
624,1345
625,1345
626,1344
627,1344
629,1342
630,1342
631,1341
632,1341
633,1340
634,1340
636,1338
637,1338
638,1337
639,1337
640,1336
641,1336
643,1334
644,1334
645,1333
646,1333
647,1332
648,1332
649,1331
650,1331
652,1329
653,1329
654,1328
655,1328
656,1327
657,1327
658,1326
659,1326
660,1325
661,1325
662,1324
663,1324
664,1323
665,1323
667,1321
668,1321
669,1320
670,1320
671,1319
672,1319
673,1318
675,1318
676,1317
677,1317
678,1316
679,1316
680,1315
681,1315
682,1314
683,1314
684,1313
685,1313
686,1312
688,1312
689,1311
690,1311
691,1310
692,1310
693,1309
695,1309
696,1308
697,1308
698,1307
699,1307
700,1306
702,1306
703,1305
704,1305
705,1304
707,1304
708,1303
709,1303
710,1302
712,1302
713,1301
715,1301
716,1300
717,1300
718,1299
720,1299
721,1298
723,1298
724,1297
727,1297
728,1296
730,1296
731,1295
734,1295
735,1294
739,1294
740,1293
745,1293
746,1292
754,1292
755,1291
768,1291
769,1292
773,1292
774,1293
776,1293
777,1294
779,1294
780,1295
781,1295
782,1296
783,1296
785,1298
786,1298
792,1304
792,1305
793,1306
793,1307
794,1308
794,1313
795,1314
795,1315
794,1316
794,1321
793,1322
793,1325
792,1326
792,1328
791,1329
791,1330
790,1331
790,1333
789,1334
789,1335
788,1336
788,1337
787,1338
787,1339
786,1340
786,1341
785,1342
785,1343
784,1344
784,1345
782,1347
782,1348
778,1352
778,1353
771,1360
770,1360
764,1366
763,1366
757,1372
756,1372
750,1378
749,1378
745,1382
744,1382
739,1387
738,1387
734,1391
733,1391
729,1395
728,1395
725,1398
724,1398
720,1402
719,1402
716,1405
715,1405
713,1407
712,1407
709,1410
708,1410
705,1413
704,1413
702,1415
701,1415
698,1418
697,1418
695,1420
694,1420
692,1422
691,1422
689,1424
688,1424
686,1426
685,1426
683,1428
682,1428
681,1429
680,1429
678,1431
677,1431
675,1433
674,1433
673,1434
672,1434
670,1436
669,1436
668,1437
667,1437
665,1439
664,1439
663,1440
662,1440
661,1441
660,1441
658,1443
657,1443
656,1444
655,1444
654,1445
653,1445
652,1446
651,1446
650,1447
649,1447
648,1448
647,1448
646,1449
645,1449
644,1450
643,1450
642,1451
641,1451
640,1452
639,1452
638,1453
637,1453
636,1454
635,1454
634,1455
633,1455
632,1456
631,1456
630,1457
629,1457
628,1458
626,1458
625,1459
624,1459
623,1460
622,1460
621,1461
619,1461
618,1462
617,1462
616,1463
614,1463
613,1464
612,1464
611,1465
609,1465
608,1466
607,1466
606,1467
604,1467
603,1468
601,1468
600,1469
598,1469
597,1470
595,1470
594,1471
592,1471
591,1472
589,1472
588,1473
586,1473
585,1474
583,1474
582,1475
580,1475
579,1476
576,1476
575,1477
572,1477
571,1478
569,1478
568,1479
565,1479
564,1480
560,1480
559,1481
556,1481
555,1482
551,1482
550,1483
546,1483
545,1484
540,1484
539,1485
533,1485
532,1486
525,1486
524,1487
514,1487
513,1488
478,1488
477,1487
467,1487
466,1486
459,1486
458,1485
452,1485
451,1484
447,1484
446,1483
442,1483
441,1482
437,1482
436,1481
433,1481
432,1480
429,1480
428,1479
426,1479
425,1478
422,1478
421,1477
419,1477
418,1476
416,1476
415,1475
413,1475
412,1474
410,1474
409,1473
408,1473
407,1472
405,1472
404,1471
403,1471
402,1470
401,1470
400,1469
398,1469
397,1468
396,1468
395,1467
394,1467
393,1466
392,1466
391,1465
390,1465
389,1464
388,1464
387,1463
386,1463
384,1461
383,1461
382,1460
381,1460
380,1459
379,1459
377,1457
376,1457
374,1455
373,1455
371,1453
370,1453
368,1451
367,1451
364,1448
363,1448
359,1444
358,1444
351,1437
350,1437
341,1428
341,1427
334,1420
334,1419
330,1415
330,1414
327,1411
327,1410
325,1408
325,1407
323,1405
323,1404
321,1402
321,1401
319,1399
319,1398
318,1397
318,1396
316,1394
316,1393
315,1392
315,1391
314,1390
314,1389
313,1388
313,1387
312,1386
312,1385
311,1384
311,1383
310,1382
310,1381
309,1380
309,1379
308,1378
308,1377
307,1376
307,1375
306,1374
306,1372
305,1371
305,1369
304,1368
304,1367
303,1366
303,1364
302,1363
302,1360
301,1359
301,1357
300,1356
300,1353
299,1352
299,1348
298,1347
298,1343
297,1342
297,1335
296,1334
296,1308
297,1307
297,1300
298,1299
298,1295
299,1294
299,1290
300,1289
300,1286
301,1285
301,1282
302,1281
302,1279
303,1278
303,1276
304,1275
304,1273
305,1272
305,1270
306,1269
306,1267
307,1266
307,1265
308,1264
308,1262
309,1261
309,1260
310,1259
310,1258
311,1257
311,1256
312,1255
312,1254
313,1253
313,1252
314,1251
314,1250
315,1249
315,1248
316,1247
316,1246
317,1245
317,1244
318,1243
318,1242
319,1241
319,1240
321,1238
321,1237
322,1236
322,1235
324,1233
324,1232
325,1231
325,1230
327,1228
327,1227
328,1226
328,1225
330,1223
330,1222
332,1220
332,1219
334,1217
334,1216
336,1214
336,1213
338,1211
338,1210
340,1208
340,1207
343,1204
343,1203
345,1201
345,1200
348,1197
348,1196
352,1192
352,1191
355,1188
355,1187
360,1182
360,1181
367,1174
367,1173
390,1150
391,1150
397,1144
398,1144
403,1139
404,1139
407,1136
408,1136
411,1133
412,1133
415,1130
416,1130
419,1127
420,1127
422,1125
423,1125
425,1123
426,1123
427,1122
428,1122
430,1120
431,1120
433,1118
434,1118
435,1117
436,1117
438,1115
439,1115
440,1114
441,1114
442,1113
443,1113
444,1112
445,1112
447,1110
448,1110
449,1109
450,1109
451,1108
452,1108
453,1107
454,1107
455,1106
456,1106
457,1105
458,1105
459,1104
461,1104
462,1103
463,1103
464,1102
465,1102
466,1101
467,1101
468,1100
470,1100
471,1099
472,1099
473,1098
474,1098
475,1097
477,1097
478,1096
479,1096
480,1095
482,1095
483,1094
485,1094
486,1093
488,1093
489,1092
491,1092
492,1091
496,1091
497,1090
501,1090
502,1089
# contour 5
885,972
888,975
888,976
889,977
889,978
890,979
890,981
891,982
891,983
892,984
892,986
893,987
893,989
894,990
894,992
895,993
895,994
896,995
896,998
897,999
897,1001
898,1002
898,1005
899,1006
899,1009
900,1010
900,1013
901,1014
901,1018
902,1019
902,1023
903,1024
903,1030
904,1031
904,1039
905,1040
905,1059
906,1060
906,1065
905,1066
905,1086
904,1087
904,1097
903,1098
903,1104
902,1105
902,1108
901,1109
901,1111
900,1112
900,1113
899,1114
899,1116
898,1117
898,1118
897,1119
897,1120
895,1122
895,1123
894,1124
894,1125
892,1127
892,1128
889,1131
889,1132
885,1136
885,1137
878,1144
877,1144
876,1145
874,1145
873,1146
868,1146
867,1147
855,1147
852,1144
852,1141
853,1140
853,1138
854,1137
854,1135
855,1134
855,1131
856,1130
856,1128
857,1127
857,1124
858,1123
858,1120
859,1119
859,1116
860,1115
860,1113
861,1112
861,1108
862,1107
862,1104
863,1103
863,1100
864,1099
864,1096
865,1095
865,1091
866,1090
866,1087
867,1086
867,1082
868,1081
868,1077
869,1076
869,1072
870,1071
870,1066
871,1065
871,1061
872,1060
872,1054
873,1053
873,1048
874,1047
874,1041
875,1040
875,1033
876,1032
876,1025
877,1024
877,1017
878,1016
878,1008
879,1007
879,999
880,998
880,990
881,989
881,981
882,980
882,974
884,972
# contour 6
845,742
848,745
848,748
849,749
849,751
850,752
850,754
851,755
851,757
852,758
852,761
853,762
853,764
854,765
854,769
855,770
855,773
856,774
856,778
857,779
857,783
858,784
858,788
859,789
859,794
860,795
860,801
861,802
861,807
862,808
862,814
863,815
863,821
864,822
864,828
865,829
865,836
866,837
866,844
867,845
867,854
868,855
868,864
869,865
869,877
870,878
870,894
871,895
871,963
870,964
870,981
869,982
869,994
868,995
868,1004
867,1005
867,1014
866,1015
866,1022
865,1023
865,1030
864,1031
864,1037
863,1038
863,1044
862,1045
862,1050
861,1051
861,1056
860,1057
860,1062
859,1063
859,1067
858,1068
858,1073
857,1074
857,1078
856,1079
856,1083
855,1084
855,1087
854,1088
854,1092
853,1093
853,1097
852,1098
852,1101
851,1102
851,1105
850,1106
850,1110
849,1111
849,1114
848,1115
848,1118
847,1119
847,1122
846,1123
846,1126
845,1127
845,1129
844,1130
844,1133
843,1134
843,1137
842,1138
842,1140
841,1141
841,1144
840,1145
840,1147
839,1148
839,1151
838,1152
838,1154
837,1155
837,1157
836,1158
836,1161
835,1162
835,1164
834,1165
834,1167
833,1168
833,1170
832,1171
832,1173
831,1174
831,1176
830,1177
830,1179
829,1180
829,1182
828,1183
828,1185
827,1186
827,1187
824,1190
823,1190
822,1191
819,1191
817,1189
817,1184
816,1183
816,1177
815,1176
815,1174
814,1173
811,1173
809,1175
809,1176
810,1177
810,1179
811,1180
811,1182
812,1183
812,1188
811,1189
811,1192
810,1193
810,1194
807,1197
806,1197
805,1198
803,1198
802,1199
793,1199
792,1198
791,1198
789,1196
789,1195
788,1194
788,1192
787,1191
787,1179
785,1176
784,1176
782,1178
782,1179
781,1180
781,1189
780,1190
780,1191
781,1192
781,1195
779,1197
774,1197
769,1192
769,1191
768,1190
768,1187
767,1186
767,1157
768,1156
768,1135
769,1134
769,1120
770,1119
770,1108
771,1107
771,1097
772,1096
772,1085
773,1084
773,1065
774,1064
774,1048
773,1047
773,1028
772,1027
772,1018
771,1017
771,1010
770,1009
770,1005
769,1004
769,1001
768,1000
768,999
767,998
767,997
766,996
766,995
764,993
764,992
760,988
759,988
758,987
759,988
759,991
760,992
760,995
761,996
761,1001
762,1002
762,1007
763,1008
763,1015
764,1016
764,1029
765,1030
765,1051
764,1052
764,1069
763,1070
763,1080
762,1081
762,1091
761,1092
761,1101
760,1102
760,1111
759,1112
759,1122
758,1123
758,1138
757,1139
757,1157
756,1158
756,1159
753,1162
752,1162
751,1163
746,1163
745,1164
740,1164
739,1165
730,1165
728,1163
728,1162
727,1161
727,1160
725,1157
725,1155
723,1152
723,1150
721,1147
721,1145
720,1144
720,1143
719,1142
719,1140
717,1137
717,1135
716,1134
716,1132
715,1131
715,1129
714,1128
714,1126
713,1125
713,1123
712,1122
712,1120
711,1119
711,1116
710,1115
710,1113
709,1112
709,1109
708,1108
708,1105
707,1104
707,1101
706,1100
706,1097
705,1096
705,1093
704,1092
704,1089
703,1088
703,1084
702,1083
702,1079
701,1078
701,1075
700,1074
700,1070
699,1069
699,1065
698,1064
698,1060
697,1059
697,1055
696,1054
696,1050
695,1049
695,1044
694,1043
694,1039
693,1038
693,1034
692,1033
692,1030
691,1029
691,1025
690,1024
690,1020
689,1019
689,1015
688,1014
688,1010
687,1009
687,1005
686,1004
686,1000
685,999
685,996
684,995
684,992
681,995
681,996
680,997
680,999
681,1000
681,1006
682,1007
682,1013
683,1014
683,1020
684,1021
684,1026
685,1027
685,1033
686,1034
686,1040
687,1041
687,1046
688,1047
688,1052
689,1053
689,1058
690,1059
690,1064
691,1065
691,1069
692,1070
692,1075
693,1076
693,1080
694,1081
694,1085
695,1086
695,1090
696,1091
696,1094
697,1095
697,1098
698,1099
698,1103
699,1104
699,1107
700,1108
700,1111
701,1112
701,1114
702,1115
702,1118
703,1119
703,1121
704,1122
704,1125
705,1126
705,1128
706,1129
706,1131
707,1132
707,1134
708,1135
708,1137
710,1140
710,1142
712,1145
712,1147
713,1148
713,1149
714,1150
714,1151
716,1154
716,1156
717,1157
717,1158
718,1159
718,1160
720,1162
720,1163
722,1166
722,1168
723,1169
723,1177
721,1180
719,1178
719,1177
718,1176
718,1175
716,1173
716,1172
712,1168
711,1168
710,1167
708,1167
707,1166
705,1166
706,1167
706,1168
709,1171
709,1172
710,1173
710,1174
712,1176
712,1178
713,1179
713,1181
714,1182
714,1185
715,1186
715,1192
714,1193
714,1194
710,1198
708,1198
707,1199
702,1199
700,1197
700,1191
699,1190
699,1184
698,1183
698,1181
697,1180
697,1179
695,1177
694,1177
692,1175
687,1175
686,1176
686,1178
688,1180
689,1180
690,1181
690,1182
692,1184
692,1186
693,1187
693,1197
690,1200
684,1200
683,1199
681,1199
680,1198
678,1198
677,1197
676,1197
674,1195
673,1195
669,1191
668,1191
657,1180
657,1179
649,1171
649,1170
644,1165
644,1164
641,1161
641,1160
638,1157
638,1156
635,1153
635,1152
633,1150
633,1149
631,1147
631,1146
629,1144
629,1143
627,1141
627,1140
625,1138
625,1137
624,1136
624,1135
622,1133
622,1132
621,1131
621,1130
620,1129
620,1128
619,1127
619,1126
617,1124
617,1123
616,1122
616,1121
615,1120
615,1119
614,1118
614,1117
613,1116
613,1115
612,1114
612,1113
611,1112
611,1111
609,1108
609,1106
608,1105
608,1104
607,1103
607,1102
605,1099
605,1097
603,1094
603,1092
602,1091
602,1090
601,1089
601,1087
599,1084
599,1082
598,1081
598,1079
597,1078
597,1076
596,1075
596,1073
595,1072
595,1070
594,1069
594,1067
593,1066
593,1064
592,1063
592,1061
591,1060
591,1057
590,1056
590,1054
589,1053
589,1050
588,1049
588,1046
587,1045
587,1042
586,1041
586,1038
585,1037
585,1034
584,1033
584,1030
583,1029
583,1025
582,1024
582,1021
581,1020
581,1016
580,1015
580,1012
579,1011
579,1010
579,1013
578,1014
578,1027
579,1028
579,1033
580,1034
580,1038
581,1039
581,1043
582,1044
582,1048
583,1049
583,1052
584,1053
584,1056
585,1057
585,1060
586,1061
586,1064
587,1065
587,1068
588,1069
588,1072
589,1073
589,1075
590,1076
590,1078
591,1079
591,1082
592,1083
592,1085
593,1086
593,1088
594,1089
594,1091
595,1092
595,1094
597,1097
597,1099
598,1100
598,1102
599,1103
599,1104
600,1105
600,1107
601,1108
601,1109
603,1112
603,1114
604,1115
604,1116
605,1117
605,1118
606,1119
606,1120
607,1121
607,1122
608,1123
608,1124
609,1125
609,1126
610,1127
610,1128
611,1129
611,1130
612,1131
612,1132
613,1133
613,1134
614,1135
614,1136
616,1138
616,1139
617,1140
617,1141
618,1142
618,1143
620,1145
620,1146
622,1148
622,1149
624,1151
624,1152
626,1154
626,1155
628,1157
628,1158
631,1161
631,1162
634,1165
634,1166
637,1169
637,1170
638,1171
638,1173
636,1175
635,1175
634,1176
627,1176
626,1177
624,1177
623,1178
620,1178
619,1179
617,1179
616,1180
616,1184
617,1185
620,1185
621,1184
626,1184
629,1186
629,1187
630,1188
630,1189
632,1192
632,1194
634,1196
634,1197
633,1198
627,1198
626,1199
623,1199
622,1198
620,1198
619,1197
618,1197
615,1194
615,1193
614,1192
614,1191
611,1188
609,1188
608,1187
604,1187
603,1186
600,1186
599,1185
597,1185
596,1184
594,1184
593,1183
591,1183
590,1182
589,1182
588,1181
587,1181
586,1180
585,1180
584,1179
583,1179
582,1178
581,1178
580,1177
579,1177
578,1176
577,1176
575,1174
574,1174
572,1172
571,1172
568,1169
567,1169
554,1156
554,1155
551,1152
551,1151
549,1149
549,1148
547,1146
547,1145
546,1144
546,1143
545,1142
545,1141
544,1140
544,1139
542,1136
542,1134
541,1133
541,1131
540,1130
540,1128
539,1127
539,1125
538,1124
538,1121
537,1120
537,1115
536,1114
536,1105
535,1104
535,1097
536,1096
536,1076
537,1075
537,1066
538,1065
538,1058
539,1057
539,1051
540,1050
540,1045
541,1044
541,1040
542,1039
542,1035
543,1034
543,1031
544,1030
544,1027
545,1026
545,1023
546,1022
546,1019
547,1018
547,1016
548,1015
548,1012
549,1011
549,1009
550,1008
550,1006
551,1005
551,1003
552,1002
552,1000
554,997
554,995
555,994
555,992
556,991
556,990
558,987
558,985
560,982
560,980
561,979
561,978
562,977
562,975
564,972
564,970
565,969
565,967
566,966
566,964
568,961
568,959
569,958
569,955
570,954
570,952
571,951
571,949
572,948
572,946
573,945
573,942
574,941
574,938
575,937
575,935
576,934
576,931
577,930
577,927
578,926
578,923
579,922
579,918
580,917
580,914
581,913
581,909
582,908
582,904
583,903
583,899
584,898
584,894
585,893
585,888
586,887
586,883
587,882
587,877
588,876
588,871
589,870
589,864
590,863
590,858
591,857
591,852
592,851
592,845
593,844
593,839
594,838
594,835
595,834
595,833
598,831
650,831
651,832
666,832
667,831
670,831
671,830
672,830
673,829
674,829
675,828
676,828
677,827
678,827
679,826
680,826
683,824
685,824
686,823
688,823
689,822
691,822
692,821
694,821
695,820
697,820
698,819
700,819
701,818
703,818
704,817
706,817
707,816
709,816
712,814
714,814
715,813
717,813
718,812
720,812
723,810
725,810
728,808
730,808
733,806
735,806
738,804
740,804
741,803
742,803
743,802
744,802
747,800
749,800
750,799
751,799
752,798
753,798
754,797
755,797
756,796
757,796
758,795
759,795
760,794
761,794
762,793
763,793
764,792
765,792
766,791
767,791
768,790
769,790
770,789
771,789
772,788
773,788
774,787
775,787
777,785
778,785
779,784
780,784
781,783
782,783
784,781
785,781
786,780
787,780
788,779
789,779
791,777
792,777
793,776
794,776
795,775
796,775
798,773
799,773
800,772
801,772
803,770
804,770
805,769
806,769
807,768
808,768
810,766
811,766
812,765
813,765
815,763
816,763
818,761
819,761
821,759
822,759
824,757
825,757
827,755
828,755
831,752
832,752
836,748
837,748
842,743
843,743
844,742
# contour 7
739,627
738,626
737,626
737,631
736,632
736,636
735,637
735,640
734,641
734,642
730,646
729,646
728,647
727,647
726,648
724,648
723,649
718,649
717,648
716,648
713,645
713,644
711,642
711,641
709,639
709,638
708,637
708,629
709,628
709,627
710,626
710,625
711,624
711,623
712,622
712,616
711,615
711,614
708,611
706,611
705,610
700,610
699,611
696,611
695,612
693,612
692,613
691,613
690,614
689,614
682,621
682,622
681,623
681,624
680,625
680,627
679,628
679,636
683,640
685,640
686,641
698,641
701,644
701,645
703,647
703,648
704,649
704,650
705,651
705,653
706,654
706,658
707,659
707,664
706,665
706,666
704,668
703,668
702,669
701,669
700,670
696,670
695,671
689,671
688,670
685,670
684,669
683,669
682,668
681,668
678,665
673,665
672,666
672,670
673,671
673,672
677,676
678,676
680,678
682,678
683,679
703,679
704,678
706,678
707,677
708,677
709,676
710,676
713,673
713,672
714,671
714,669
715,668
715,666
716,665
716,664
717,663
717,662
721,658
722,658
723,657
725,657
726,656
728,656
729,655
731,655
732,654
733,654
734,653
735,653
739,649
739,648
741,646
741,644
742,643
742,633
741,632
741,631
740,630
740,629
739,628
# contour 8
613,600
611,598
611,597
607,593
606,593
604,591
603,591
601,589
600,589
598,587
597,587
596,586
595,586
593,584
592,584
591,583
590,583
589,582
588,582
587,581
586,581
585,580
584,580
583,579
581,579
580,578
579,578
578,577
576,577
575,576
573,576
572,575
569,575
568,574
564,574
563,573
539,573
538,574
535,574
534,575
532,575
531,576
529,576
528,577
527,577
526,578
525,578
523,580
522,580
520,582
519,582
508,593
508,594
506,596
506,597
504,599
504,600
503,601
503,602
502,603
502,604
501,605
501,606
500,607
500,609
499,610
499,611
498,612
498,614
497,615
497,618
496,619
496,624
495,625
495,642
496,643
496,647
497,648
497,651
498,652
498,654
499,655
499,656
500,657
500,659
501,660
501,661
503,663
504,663
505,664
506,663
507,663
509,661
509,649
508,648
508,643
507,642
507,638
506,637
506,626
507,625
507,621
508,620
508,617
509,616
509,615
510,614
510,612
511,611
511,610
513,608
513,607
514,606
514,605
517,602
517,601
525,593
526,593
528,591
529,591
530,590
531,590
533,588
535,588
536,587
537,587
538,586
541,586
542,585
546,585
547,584
556,584
557,585
562,585
563,586
565,586
566,587
568,587
569,588
571,588
572,589
574,589
575,590
576,590
577,591
579,591
580,592
581,592
582,593
583,593
584,594
585,594
586,595
587,595
588,596
589,596
590,597
591,597
593,599
594,599
596,601
597,601
599,603
600,603
603,606
604,606
606,608
608,608
609,609
610,608
612,608
614,606
614,602
613,601
# contour 9
819,468
815,464
814,464
812,462
811,462
809,460
808,460
806,458
805,458
804,457
803,457
802,456
801,456
800,455
799,455
798,454
797,454
796,453
794,453
793,452
792,452
791,451
789,451
788,450
785,450
784,449
782,449
781,448
776,448
775,447
767,447
766,446
759,446
758,447
750,447
749,448
746,448
745,449
743,449
742,450
740,450
739,451
738,451
737,452
736,452
735,453
734,453
733,454
732,454
730,456
729,456
725,460
724,460
722,462
722,463
718,467
718,468
717,469
717,470
715,472
715,473
714,474
714,475
713,476
713,478
712,479
712,481
711,482
711,485
710,486
710,493
709,494
709,501
710,502
710,512
711,513
711,517
712,518
712,522
713,523
713,525
714,526
714,528
715,529
715,531
716,532
716,534
717,535
717,536
718,537
718,539
719,540
719,541
722,544
725,544
726,543
727,543
727,542
728,541
728,537
727,536
727,533
726,532
726,529
725,528
725,525
724,524
724,521
723,520
723,517
722,516
722,511
721,510
721,488
722,487
722,484
723,483
723,482
724,481
724,480
725,479
725,478
726,477
726,476
729,473
729,472
734,467
735,467
738,464
739,464
740,463
741,463
742,462
743,462
744,461
745,461
746,460
748,460
749,459
752,459
753,458
770,458
771,459
776,459
777,460
781,460
782,461
784,461
785,462
787,462
788,463
790,463
791,464
792,464
793,465
794,465
795,466
796,466
797,467
798,467
799,468
800,468
801,469
802,469
804,471
805,471
806,472
807,472
809,474
810,474
813,477
814,477
815,478
820,478
821,477
821,476
822,475
822,473
821,472
821,471
819,469
# contour 10
309,449
310,449
311,448
312,448
313,447
315,447
316,446
319,446
320,445
322,445
323,444
326,444
327,443
331,443
332,442
336,442
337,441
343,441
344,440
356,440
357,439
377,439
378,440
390,440
391,441
397,441
398,442
401,442
402,443
405,443
406,444
409,444
410,445
412,445
413,446
415,446
416,447
417,447
418,448
419,448
420,449
421,449
422,450
422,451
423,452
423,459
422,460
422,464
421,465
421,469
420,470
420,474
419,475
419,479
418,480
418,485
417,486
417,490
416,491
416,496
415,497
415,502
414,503
414,508
413,509
413,515
412,516
412,522
411,523
411,529
410,530
410,537
409,538
409,545
408,546
408,555
407,556
407,566
406,567
406,580
405,581
405,582
404,583
403,583
402,584
400,584
394,578
393,578
387,572
386,572
378,564
377,564
357,544
357,543
349,535
349,534
344,529
344,528
340,524
340,523
337,520
337,519
334,516
334,515
332,513
332,512
330,510
330,509
328,507
328,506
326,504
326,503
325,502
325,501
323,499
323,498
322,497
322,496
321,495
321,494
320,493
320,492
319,491
319,490
318,489
318,488
317,487
317,486
316,485
316,484
315,483
315,482
314,481
314,479
313,478
313,477
312,476
312,474
311,473
311,472
310,471
310,469
309,468
309,466
308,465
308,463
307,462
307,460
306,459
306,452
# contour 11
301,443
299,445
298,445
298,446
297,447
297,452
298,453
298,455
299,456
299,459
300,460
300,462
301,463
301,465
302,466
302,468
303,469
303,471
304,472
304,473
305,474
305,476
306,477
306,479
307,480
307,481
308,482
308,484
309,485
309,486
310,487
310,488
311,489
311,491
312,492
312,493
313,494
313,495
314,496
314,497
315,498
315,499
316,500
316,501
317,502
317,503
319,505
319,506
320,507
320,508
322,510
322,511
323,512
323,513
325,515
325,516
328,519
328,520
331,523
331,524
335,528
335,529
340,534
340,535
345,540
345,541
350,546
350,547
356,553
356,554
371,569
371,570
373,572
374,572
386,584
387,584
392,589
393,589
398,594
399,594
403,598
403,599
405,601
405,602
406,603
406,604
407,605
407,607
408,608
408,612
409,613
409,614
410,614
411,615
413,615
414,614
415,614
415,613
416,612
416,609
415,608
415,602
414,601
414,570
415,569
415,561
416,560
416,552
417,551
417,544
418,543
418,535
419,534
419,527
420,526
420,519
421,518
421,512
422,511
422,505
423,504
423,498
424,497
424,491
425,490
425,486
426,485
426,480
427,479
427,475
428,474
428,470
429,469
429,465
430,464
430,461
431,460
431,456
432,455
432,452
433,451
433,444
431,442
430,442
429,441
428,441
427,440
425,440
424,439
422,439
421,438
420,438
419,437
416,437
415,436
413,436
412,435
410,435
409,434
406,434
405,433
402,433
401,432
396,432
395,431
389,431
388,430
349,430
348,431
341,431
340,432
335,432
334,433
331,433
330,434
327,434
326,435
323,435
322,436
320,436
319,437
317,437
316,438
314,438
313,439
311,439
310,440
308,440
307,441
306,441
305,442
303,442
302,443
# contour 12
767,187
769,187
770,188
771,188
777,194
777,195
779,197
779,198
781,200
781,201
783,203
783,204
785,206
785,207
786,208
786,209
788,211
788,212
789,213
789,214
790,215
790,216
791,217
791,218
792,219
792,220
793,221
793,222
794,223
794,224
795,225
795,226
796,227
796,229
797,230
797,231
798,232
798,234
799,235
799,236
800,237
800,239
801,240
801,242
802,243
802,245
803,246
803,248
804,249
804,251
805,252
805,255
806,256
806,258
807,259
807,262
808,263
808,266
809,267
809,270
810,271
810,275
811,276
811,280
812,281
812,285
813,286
813,291
814,292
814,297
815,298
815,303
816,304
816,311
817,312
817,318
818,319
818,327
819,328
819,338
820,339
820,351
821,352
821,361
820,362
820,363
818,365
814,365
813,364
811,364
810,363
808,363
807,362
805,362
804,361
803,361
802,360
800,360
799,359
797,359
796,358
795,358
794,357
792,357
791,356
789,356
788,355
787,355
786,354
784,354
783,353
781,353
780,352
779,352
778,351
776,351
775,350
773,350
772,349
771,349
770,348
768,348
767,347
765,347
764,346
762,346
761,345
760,345
759,344
757,344
756,343
754,343
753,342
751,342
750,341
748,341
747,340
744,340
743,339
741,339
740,338
738,338
737,337
734,337
733,336
731,336
730,335
727,335
726,334
723,334
722,333
719,333
718,332
715,332
714,331
710,331
709,330
705,330
704,329
698,329
697,328
691,328
690,327
687,327
682,322
682,320
681,319
681,317
682,316
682,313
683,312
683,311
684,310
684,309
685,308
685,307
686,306
686,305
687,304
687,303
688,302
688,301
689,300
689,299
690,298
690,297
691,296
691,295
692,294
692,293
693,292
693,291
694,290
694,289
695,288
695,287
696,286
696,285
697,284
697,283
698,282
698,281
699,280
699,279
700,278
700,277
701,276
701,275
702,274
702,273
703,272
703,271
705,269
705,268
706,267
706,266
707,265
707,264
708,263
708,262
709,261
709,260
710,259
710,258
711,257
711,256
713,254
713,253
714,252
714,251
715,250
715,249
717,247
717,246
718,245
718,244
720,242
720,241
721,240
721,239
723,237
723,236
725,234
725,233
727,231
727,230
729,228
729,227
731,225
731,224
734,221
734,220
738,216
738,215
743,210
743,209
763,189
764,189
765,188
766,188
# contour 13
766,177
765,178
764,178
763,179
762,179
760,181
759,181
756,184
755,184
748,191
747,191
746,192
746,193
735,204
735,205
730,210
730,211
727,214
727,215
724,218
724,219
721,222
721,223
719,225
719,226
717,228
717,229
715,231
715,232
714,233
714,234
712,236
712,237
710,239
710,240
709,241
709,242
707,244
707,245
706,246
706,247
705,248
705,249
704,250
704,251
703,252
703,253
701,255
701,256
700,257
700,258
699,259
699,260
698,261
698,262
697,263
697,264
696,265
696,266
695,267
695,268
694,269
694,270
693,271
693,273
692,274
692,275
691,276
691,277
690,278
690,279
689,280
689,281
688,282
688,284
687,285
687,286
686,287
686,288
685,289
685,291
684,292
684,293
683,294
683,296
682,297
682,298
681,299
681,301
680,302
680,303
678,305
678,306
675,309
675,310
674,311
674,312
673,313
673,314
672,315
672,317
671,318
671,321
672,322
672,324
673,325
673,326
675,328
676,328
678,330
679,330
680,331
682,331
683,332
686,332
687,333
690,333
691,334
694,334
695,335
698,335
699,336
702,336
703,337
705,337
706,338
709,338
710,339
712,339
713,340
716,340
717,341
719,341
720,342
722,342
723,343
725,343
726,344
729,344
730,345
732,345
733,346
735,346
736,347
738,347
739,348
741,348
742,349
743,349
744,350
746,350
747,351
749,351
750,352
752,352
753,353
754,353
755,354
757,354
758,355
760,355
761,356
763,356
764,357
765,357
766,358
768,358
769,359
770,359
771,360
773,360
774,361
776,361
777,362
778,362
779,363
781,363
782,364
783,364
784,365
786,365
787,366
788,366
789,367
791,367
792,368
793,368
794,369
796,369
797,370
798,370
799,371
801,371
802,372
803,372
804,373
806,373
807,374
809,374
810,375
817,375
818,376
828,376
828,375
829,374
829,354
830,353
830,347
831,346
831,339
830,338
830,329
829,328
829,320
828,319
828,311
827,310
827,304
826,303
826,298
825,297
825,292
824,291
824,287
823,286
823,282
822,281
822,277
821,276
821,273
820,272
820,268
819,267
819,264
818,263
818,261
817,260
817,257
816,256
816,254
815,253
815,251
814,250
814,248
813,247
813,245
812,244
812,242
811,241
811,239
810,238
810,237
809,236
809,234
808,233
808,232
807,231
807,229
806,228
806,227
805,226
805,225
804,224
804,223
803,222
803,221
802,220
802,219
801,218
801,217
800,216
800,215
799,214
799,213
797,211
797,210
796,209
796,208
794,206
794,205
793,204
793,203
791,201
791,200
788,197
788,196
785,193
785,192
781,188
781,187
772,178
771,178
770,177
# contour 14
780,133
781,134
782,134
784,136
785,136
789,140
790,140
801,151
801,152
806,157
806,158
809,161
809,162
811,164
811,165
815,170
816,173
818,175
818,176
819,177
819,178
820,179
820,180
821,181
821,182
823,185
823,187
824,188
824,189
825,190
825,192
827,195
827,197
828,198
828,200
830,203
830,205
831,206
831,208
832,209
832,211
834,214
834,216
835,217
835,219
836,220
836,222
837,223
837,225
838,226
838,228
839,229
839,231
840,232
840,235
841,236
841,238
842,239
842,241
843,242
843,244
844,245
844,248
845,249
845,251
846,252
846,254
847,255
847,258
848,259
848,262
849,263
849,265
850,266
850,269
851,270
851,273
852,274
852,277
853,278
853,281
854,282
854,285
855,286
855,289
856,290
856,294
857,295
857,298
858,299
858,303
859,304
859,308
860,309
860,313
861,314
861,318
862,319
862,324
863,325
863,329
864,330
864,335
865,336
865,342
866,343
866,348
867,349
867,356
868,357
868,364
869,365
869,372
870,373
870,382
871,383
871,394
872,395
872,404
873,405
873,412
874,413
874,420
875,421
874,422
872,422
871,421
868,420
856,408
855,408
853,406
854,407
854,408
856,410
856,411
858,413
858,414
862,418
862,419
867,424
867,425
872,430
872,431
876,435
876,436
880,440
880,441
884,445
884,446
889,451
889,452
893,456
893,457
899,463
899,464
904,469
904,470
906,472
906,478
899,485
898,485
893,490
892,490
886,496
885,496
878,503
877,503
864,516
863,516
854,525
854,526
843,537
843,538
838,543
838,544
833,549
833,550
827,557
827,558
825,560
825,561
822,564
822,565
819,568
819,569
822,569
824,567
824,566
830,560
830,559
838,551
838,550
852,536
852,535
867,520
868,520
883,505
884,505
892,497
893,497
899,491
900,491
905,486
906,486
908,484
913,484
916,487
916,488
918,490
918,491
919,492
919,493
920,494
920,495
921,496
921,497
923,500
923,502
924,503
924,506
923,507
923,508
919,512
918,512
916,514
913,515
911,517
908,518
906,520
903,521
901,523
898,524
896,526
895,526
890,530
887,531
885,533
884,533
882,535
881,535
879,537
878,537
876,539
875,539
872,542
871,542
869,544
868,544
865,547
864,547
857,553
856,553
845,564
845,565
842,568
842,569
841,570
842,569
843,569
845,567
846,567
848,565
849,565
852,562
853,562
855,560
856,560
858,558
859,558
862,555
863,555
865,553
866,553
868,551
869,551
871,549
872,549
874,547
875,547
877,545
878,545
880,543
881,543
883,541
884,541
886,539
887,539
892,535
895,534
897,532
898,532
903,528
906,527
908,525
911,524
913,522
916,521
918,519
919,519
920,518
921,518
924,516
926,516
927,517
928,517
930,519
930,520
932,523
932,525
934,528
934,530
935,531
935,533
936,534
936,539
935,540
935,541
933,543
932,543
931,544
930,544
927,546
925,546
922,548
920,548
919,549
917,549
914,551
912,551
909,553
907,553
904,555
902,555
901,556
900,556
899,557
898,557
895,559
893,559
892,560
891,560
890,561
889,561
888,562
887,562
886,563
885,563
884,564
883,564
882,565
881,565
880,566
879,566
878,567
877,567
876,568
875,568
874,569
873,569
872,570
871,570
870,571
869,571
868,572
865,573
863,575
862,575
861,576
858,577
856,579
855,579
854,580
855,580
856,581
859,581
860,580
863,580
864,579
865,579
866,578
867,578
868,577
869,577
872,575
874,575
875,574
876,574
879,572
881,572
882,571
883,571
886,569
888,569
889,568
890,568
891,567
893,567
894,566
895,566
898,564
900,564
903,562
905,562
906,561
907,561
908,560
910,560
913,558
915,558
916,557
918,557
921,555
923,555
924,554
926,554
927,553
929,553
932,551
935,551
936,550
939,550
940,551
941,551
943,553
943,554
944,555
944,559
945,560
945,567
946,568
946,584
947,585
947,587
946,588
946,601
945,602
945,608
944,609
944,613
943,614
943,617
942,618
942,621
941,622
941,624
940,625
940,627
939,628
939,630
938,631
938,633
936,636
936,638
935,639
935,640
934,641
934,642
933,643
933,644
932,645
932,646
931,647
930,650
928,652
927,655
925,657
925,658
923,660
923,661
921,663
921,664
918,667
918,668
913,673
913,674
893,694
892,694
887,699
886,699
881,704
880,704
877,707
876,707
872,711
871,711
868,714
867,714
865,716
864,716
861,719
860,719
857,722
856,722
852,726
851,726
846,731
845,731
841,735
840,735
835,740
834,740
831,743
830,743
823,749
822,749
820,751
819,751
817,753
816,753
814,755
813,755
808,759
805,760
803,762
802,762
801,763
800,763
799,764
796,765
794,767
793,767
792,768
791,768
790,769
789,769
788,770
787,770
786,771
785,771
784,772
783,772
782,773
781,773
780,774
779,774
778,775
777,775
774,777
772,777
771,778
770,778
769,779
768,779
765,781
763,781
760,783
758,783
755,785
753,785
752,786
751,786
750,787
748,787
745,789
743,789
742,790
740,790
737,792
735,792
734,793
732,793
731,794
729,794
728,795
726,795
725,796
723,796
722,797
720,797
719,798
717,798
716,799
714,799
713,800
711,800
710,801
708,801
707,802
705,802
704,803
702,803
701,804
699,804
698,805
695,805
694,806
692,806
691,807
689,807
688,808
686,808
685,809
682,809
681,810
679,810
678,811
676,811
675,812
672,812
671,813
669,813
668,814
665,814
664,815
661,815
660,816
657,816
656,817
653,817
652,818
648,818
647,819
642,819
641,820
636,820
635,821
628,821
627,822
618,822
617,823
574,823
573,822
564,822
563,821
557,821
556,820
551,820
550,819
546,819
545,818
541,818
540,817
536,817
535,816
532,816
531,815
529,815
528,814
525,814
524,813
522,813
521,812
518,812
515,810
513,810
512,809
510,809
509,808
507,808
506,807
504,807
503,806
502,806
498,802
498,801
497,800
498,799
498,795
499,794
499,792
501,789
501,787
502,786
502,784
503,783
503,781
504,780
504,778
505,777
505,775
506,774
506,772
507,771
507,770
505,768
504,768
502,770
502,771
500,774
500,776
499,777
499,778
497,781
497,783
495,786
495,788
494,789
493,792
491,794
490,794
489,795
488,794
485,793
474,782
474,780
473,779
475,773
477,771
477,770
479,768
479,767
481,765
481,764
483,762
483,761
485,759
485,758
487,756
487,755
489,753
489,752
493,747
494,744
496,742
496,741
497,740
497,739
498,738
498,737
500,734
500,732
499,733
499,734
492,741
492,742
486,749
486,750
484,752
484,753
482,755
482,756
480,758
480,759
478,761
478,762
476,764
476,765
473,768
473,769
471,771
470,771
469,772
467,772
462,767
462,766
460,764
460,763
458,761
458,760
456,758
456,757
454,754
454,750
458,746
459,746
462,743
463,743
466,740
467,740
470,737
471,737
474,734
475,734
478,731
479,731
483,727
484,727
488,723
489,723
493,719
494,719
498,715
499,715
504,710
505,710
511,704
512,704
516,700
512,700
511,701
508,702
501,708
500,708
498,710
497,710
494,713
493,713
491,715
490,715
487,718
486,718
484,720
483,720
480,723
479,723
477,725
476,725
473,728
472,728
470,730
469,730
466,733
465,733
462,736
461,736
458,739
457,739
455,741
454,741
453,742
449,742
446,740
446,739
445,738
445,737
444,736
444,735
442,732
442,730
441,729
441,728
439,725
439,723
438,722
438,721
436,718
436,716
434,713
434,711
432,708
432,706
430,703
430,701
428,698
428,696
427,695
427,693
425,690
425,688
424,687
424,685
423,684
423,682
422,681
422,679
421,678
421,676
420,675
420,673
419,672
419,670
418,669
418,667
417,666
417,664
416,663
416,661
415,660
412,660
409,662
406,662
403,659
403,658
398,653
398,652
394,648
394,647
389,642
389,641
385,637
385,636
380,631
380,630
377,627
377,626
373,622
373,621
370,618
370,617
366,613
366,612
363,609
363,608
361,606
361,605
358,602
358,601
356,599
356,598
353,595
353,594
349,589
348,586
346,584
346,583
344,581
344,580
342,578
342,577
340,575
340,574
338,572
338,571
334,566
333,563
331,561
331,560
329,558
329,557
326,554
326,553
324,551
324,550
322,548
322,547
320,545
320,544
318,542
318,541
316,539
316,538
314,536
314,535
311,532
311,531
309,529
309,528
307,526
307,525
304,522
304,521
302,519
302,518
299,515
299,514
297,512
297,511
294,508
294,507
292,505
292,504
286,497
286,496
284,494
284,493
281,490
281,489
279,487
279,486
275,481
275,480
274,479
274,478
273,477
273,476
272,475
272,474
271,473
271,472
270,471
270,470
269,469
269,468
267,465
267,463
266,462
266,460
265,459
265,456
264,455
264,451
263,450
263,430
264,429
264,426
265,425
266,422
269,419
270,419
272,417
274,417
275,416
277,416
278,415
282,415
283,414
286,414
287,413
291,413
292,412
297,412
298,411
302,411
303,410
308,410
309,409
314,409
315,408
320,408
321,407
327,407
328,406
334,406
335,405
341,405
342,404
350,404
351,403
360,403
361,402
371,402
372,401
387,401
388,400
416,400
417,399
434,399
435,400
449,400
450,401
451,401
454,404
454,413
455,414
458,414
459,413
459,412
460,411
460,410
461,409
461,408
462,407
462,406
463,405
464,402
466,400
466,399
470,395
470,394
481,383
482,383
491,375
492,375
495,372
496,372
499,369
500,369
502,367
503,367
506,364
507,364
512,360
515,359
517,357
520,356
522,354
523,354
524,353
525,353
526,352
527,352
528,351
529,351
530,350
531,350
532,349
533,349
534,348
535,348
536,347
537,347
538,346
539,346
540,345
541,345
542,344
543,344
546,342
548,342
551,340
553,340
554,339
556,339
559,337
561,337
562,336
564,336
565,335
567,335
568,334
570,334
571,333
574,333
575,332
578,332
579,331
582,331
583,330
586,330
587,329
590,329
591,328
595,328
596,327
601,327
602,326
608,326
609,325
616,325
617,324
628,324
629,323
645,323
646,322
647,322
648,321
648,317
646,315
643,315
642,314
641,314
638,312
638,306
639,305
639,303
641,300
641,298
643,295
643,293
644,292
644,291
646,288
646,286
647,285
647,284
649,281
649,279
650,278
650,277
651,276
651,275
652,274
652,273
653,272
653,271
654,270
654,269
655,268
655,267
656,266
656,265
657,264
657,263
658,262
658,261
659,260
659,259
660,258
660,257
661,256
661,255
662,254
663,251
665,249
665,248
666,247
667,244
669,242
669,241
670,240
670,239
672,237
673,234
675,232
675,231
677,229
677,228
679,226
679,225
681,223
681,222
683,220
683,219
685,217
685,216
688,213
688,212
691,209
691,208
695,204
695,203
699,199
699,198
705,192
705,191
743,153
744,153
749,148
750,148
754,144
755,144
758,141
759,141
761,139
762,139
767,135
768,135
771,133
773,133
774,132
777,132
778,133
# contour 15
777,124
769,124
768,125
763,126
751,133
739,143
738,143
707,173
707,174
696,185
696,186
685,198
667,223
666,226
658,238
656,243
654,245
647,259
647,261
642,270
642,272
638,280
637,285
635,288
631,302
628,308
622,313
617,314
616,315
610,315
609,316
603,316
602,317
591,318
590,319
586,319
585,320
570,323
569,324
549,330
539,335
537,335
523,342
521,344
516,346
514,348
511,349
502,355
499,358
490,364
484,370
483,370
464,389
457,393
449,393
443,390
388,390
387,391
371,391
370,392
349,393
348,394
341,394
340,395
333,395
332,396
326,396
325,397
314,398
313,399
309,399
308,400
304,400
303,401
289,403
288,404
285,404
284,405
281,405
280,406
277,406
276,407
268,409
263,412
259,416
256,421
256,423
254,427
254,432
253,433
253,451
254,452
254,457
255,458
257,468
266,487
274,499
277,502
279,506
282,509
284,513
287,516
291,523
294,526
350,610
353,613
361,625
375,641
375,642
396,663
407,671
414,678
414,680
416,684
416,687
417,688
417,691
418,692
424,712
426,715
426,717
430,725
430,727
433,732
433,734
439,746
439,752
436,755
436,756
429,762
428,762
422,768
421,768
411,778
410,778
389,799
385,806
385,808
388,808
431,768
432,768
437,763
441,761
446,762
450,766
459,779
460,785
457,792
446,806
432,827
431,830
427,835
426,838
418,850
416,855
414,857
411,863
411,866
412,867
416,867
421,857
427,849
428,846
440,828
441,825
445,820
446,817
450,812
451,809
457,801
460,795
465,790
468,790
476,798
477,798
482,803
484,807
484,814
474,836
474,838
473,839
472,844
470,847
470,850
467,857
467,860
465,864
463,878
464,879
464,882
466,883
468,881
468,879
470,875
472,864
475,857
475,854
476,853
478,845
480,842
481,837
483,834
483,832
485,829
485,827
487,824
489,817
492,813
496,813
503,817
505,817
513,821
515,821
519,823
522,823
523,824
526,824
527,825
531,825
532,826
536,826
537,827
544,827
545,828
554,828
555,829
575,829
576,830
581,830
583,831
585,834
585,841
584,842
584,847
583,848
581,862
579,867
578,876
577,877
577,880
575,885
575,889
573,894
573,898
571,903
571,907
570,908
570,911
569,912
569,915
568,916
568,919
567,920
567,923
566,924
563,939
561,943
560,950
559,951
559,953
557,957
557,960
556,961
550,981
548,984
547,989
545,992
543,999
535,1016
533,1026
532,1027
532,1030
531,1031
531,1036
530,1037
530,1043
529,1044
529,1051
528,1052
528,1060
527,1061
526,1073
521,1077
513,1077
512,1078
509,1078
508,1079
500,1081
495,1084
490,1085
487,1087
484,1087
483,1088
480,1088
479,1089
476,1089
475,1090
470,1091
453,1099
451,1099
431,1109
429,1111
424,1113
419,1117
416,1118
399,1130
383,1144
382,1144
351,1176
351,1177
339,1191
327,1209
324,1212
321,1218
309,1236
308,1239
306,1241
298,1257
298,1259
295,1264
295,1266
291,1276
291,1279
289,1283
289,1287
288,1288
288,1292
287,1293
287,1298
286,1299
286,1307
285,1308
285,1333
286,1334
287,1348
288,1349
288,1353
289,1354
291,1365
294,1372
294,1375
296,1378
298,1385
301,1390
301,1392
311,1410
316,1416
318,1420
327,1430
327,1431
341,1445
342,1445
348,1451
349,1451
360,1460
369,1466
372,1467
374,1469
379,1471
381,1473
399,1482
401,1482
406,1485
408,1485
411,1487
413,1487
426,1492
429,1492
430,1493
433,1493
434,1494
437,1494
442,1496
447,1496
448,1497
453,1497
454,1498
461,1498
462,1499
472,1499
473,1500
506,1500
507,1499
528,1498
529,1497
535,1497
536,1496
542,1496
543,1495
554,1494
555,1493
559,1493
564,1491
568,1491
569,1490
576,1489
580,1487
583,1487
587,1485
590,1485
591,1484
605,1480
608,1478
613,1477
623,1472
625,1472
632,1468
634,1468
663,1453
665,1451
668,1450
670,1448
673,1447
675,1445
678,1444
683,1440
686,1439
695,1433
698,1430
705,1426
708,1423
725,1411
745,1394
746,1394
752,1388
753,1388
776,1366
776,1365
786,1353
796,1335
796,1333
798,1330
799,1324
800,1323
800,1306
799,1305
799,1302
795,1294
788,1287
783,1284
781,1284
778,1282
775,1282
774,1281
766,1281
765,1280
762,1280
761,1281
749,1281
748,1282
736,1283
735,1284
724,1286
720,1288
717,1288
716,1289
711,1290
708,1292
703,1293
700,1295
698,1295
695,1297
693,1297
688,1300
686,1300
646,1320
644,1322
628,1330
626,1332
616,1337
609,1342
604,1344
602,1346
587,1354
585,1356
569,1364
567,1364
564,1366
562,1366
559,1368
557,1368
547,1372
539,1373
538,1374
534,1374
533,1375
525,1375
524,1376
505,1376
504,1375
497,1375
496,1374
490,1374
489,1373
485,1373
480,1371
476,1371
472,1369
469,1369
468,1368
457,1365
434,1354
422,1346
412,1337
411,1337
402,1328
402,1327
393,1316
388,1306
386,1296
385,1295
385,1284
384,1283
384,1278
385,1277
385,1266
386,1265
387,1255
388,1254
391,1243
393,1240
393,1238
398,1229
400,1227
401,1224
408,1216
408,1215
424,1199
425,1199
438,1187
439,1187
443,1183
444,1183
448,1179
456,1174
459,1171
480,1157
493,1150
495,1148
513,1139
515,1137
517,1137
524,1134
527,1134
531,1137
534,1143
547,1161
560,1175
560,1176
572,1188
580,1192
593,1194
596,1196
598,1196
602,1198
604,1200
614,1205
616,1205
620,1207
623,1207
624,1208
636,1208
637,1207
643,1206
657,1198
664,1199
678,1212
683,1211
687,1207
701,1207
702,1206
707,1206
708,1205
712,1205
713,1204
721,1203
726,1199
728,1194
730,1192
735,1182
736,1176
740,1172
743,1172
744,1171
753,1171
756,1174
756,1176
757,1177
757,1181
758,1182
758,1190
759,1191
760,1197
765,1203
771,1206
773,1206
777,1208
780,1208
781,1209
787,1209
788,1210
801,1209
802,1208
806,1208
807,1207
815,1205
831,1197
834,1194
836,1190
837,1184
841,1181
843,1181
844,1180
849,1180
850,1179
858,1179
859,1178
863,1178
871,1175
879,1166
883,1152
892,1141
900,1129
901,1126
903,1124
908,1114
908,1112
910,1109
910,1107
912,1103
912,1100
914,1095
914,1091
915,1090
915,1079
916,1078
916,1076
915,1075
915,1064
914,1063
914,1042
913,1041
913,1034
912,1033
912,1027
911,1026
910,1016
909,1015
909,1012
908,1011
908,1008
907,1007
907,1004
905,1000
905,997
904,996
903,991
893,969
891,967
889,962
887,960
884,954
883,948
882,947
882,918
881,917
881,894
880,893
879,869
878,868
878,860
877,859
877,852
876,851
876,845
875,844
874,831
873,830
873,826
872,825
872,820
871,819
871,814
870,813
870,808
869,807
868,796
867,795
867,790
866,789
866,783
865,782
865,775
864,774
864,767
863,766
863,757
862,756
862,744
861,743
861,738
863,733
875,722
876,722
918,679
918,678
925,671
925,670
933,661
939,652
941,647
943,645
943,643
947,636
947,634
949,630
949,627
950,626
950,623
952,618
952,614
953,613
954,598
955,597
955,572
954,571
954,563
953,562
953,557
952,556
952,548
957,543
967,541
975,538
978,538
979,537
985,536
986,535
988,535
992,533
995,533
999,531
1006,530
1008,529
1010,526
1009,525
999,525
998,526
993,526
992,527
988,527
983,529
979,529
975,531
972,531
971,532
965,533
964,534
962,534
958,536
955,536
954,537
949,536
946,533
941,522
940,516
939,515
939,511
940,509
949,502
976,489
981,484
974,485
973,486
965,488
950,496
948,496
940,500
934,500
932,499
929,496
925,490
923,485
920,481
920,475
925,469
936,461
950,447
947,448
945,450
942,451
930,459
921,467
917,469
914,469
908,464
901,454
886,438
881,431
881,429
880,428
880,420
882,416
881,388
880,387
879,366
878,365
878,357
877,356
877,349
876,348
876,342
875,341
875,335
874,334
873,323
872,322
872,318
871,317
871,313
870,312
870,307
868,302
867,293
866,292
866,289
865,288
865,285
864,284
864,281
863,280
860,265
858,261
857,254
854,247
854,244
853,243
853,241
852,240
852,238
851,237
843,211
841,208
840,203
838,200
837,195
835,192
833,185
830,180
830,178
824,167
822,165
821,162
816,155
811,150
811,149
794,133
785,127
