# contour 0
653,1016
657,1016
658,1017
661,1017
662,1018
666,1018
667,1019
671,1019
672,1020
676,1020
677,1021
682,1021
683,1022
689,1022
690,1023
694,1023
696,1025
696,1035
697,1036
697,1047
698,1048
698,1065
699,1066
699,1089
698,1090
698,1097
697,1098
697,1100
696,1101
696,1102
695,1103
694,1103
693,1104
689,1104
688,1105
658,1105
657,1104
647,1104
646,1103
637,1103
636,1102
634,1102
633,1101
633,1100
634,1099
634,1097
635,1096
635,1095
636,1094
636,1092
637,1091
637,1089
638,1088
638,1086
639,1085
639,1083
640,1082
640,1079
641,1078
641,1076
642,1075
642,1072
643,1071
643,1068
644,1067
644,1064
645,1063
645,1059
646,1058
646,1055
647,1054
647,1049
648,1048
648,1044
649,1043
649,1038
650,1037
650,1032
651,1031
651,1024
652,1023
652,1017
# contour 1
1036,976
1040,976
1041,977
1052,977
1053,978
1067,978
1068,979
1111,979
1112,980
1112,985
1113,986
1113,994
1114,995
1114,1004
1115,1005
1115,1014
1116,1015
1116,1025
1117,1026
1117,1037
1118,1038
1118,1050
1119,1051
1119,1069
1120,1070
1120,1093
1119,1094
1119,1101
1118,1102
1118,1105
1114,1109
1113,1109
1111,1111
1110,1111
1109,1112
1108,1112
1107,1113
1106,1113
1105,1114
1103,1114
1102,1115
1100,1115
1099,1116
1096,1116
1095,1117
1091,1117
1090,1118
1084,1118
1083,1119
1042,1119
1041,1118
1032,1118
1031,1117
1029,1117
1028,1116
1029,1115
1029,1110
1030,1109
1030,1103
1031,1102
1031,1093
1032,1092
1032,1080
1033,1079
1033,1062
1034,1061
1034,1026
1035,1025
1035,977
# contour 2
1302,831
1302,833
1303,834
1303,837
1304,838
1304,841
1305,842
1305,845
1306,846
1306,852
1307,853
1307,856
1306,857
1306,859
1305,860
1304,860
1303,861
1302,861
1301,862
1299,862
1298,863
1297,863
1296,864
1294,864
1293,865
1291,865
1290,866
1288,866
1287,867
1286,867
1285,868
1283,868
1282,869
1280,869
1279,870
1277,870
1276,871
1274,871
1273,872
1270,872
1269,873
1267,873
1266,874
1264,874
1263,875
1260,875
1259,876
1257,876
1256,877
1253,877
1252,878
1248,878
1247,879
1243,879
1242,880
1236,880
1235,881
1229,881
1228,880
1225,880
1224,879
1223,879
1219,875
1219,874
1217,872
1217,871
1215,869
1215,868
1214,867
1214,865
1213,864
1213,863
1212,862
1212,860
1211,859
1211,856
1210,855
1210,851
1211,850
1215,850
1216,849
1221,849
1222,848
1226,848
1227,847
1231,847
1232,846
1236,846
1237,845
1241,845
1242,844
1246,844
1247,843
1250,843
1251,842
1254,842
1255,841
1258,841
1259,840
1262,840
1263,839
1266,839
1267,838
1269,838
1270,837
1273,837
1274,836
1276,836
1277,835
1279,835
1280,834
1283,834
1284,833
1286,833
1287,832
1289,832
1290,831
1292,831
1293,830
1295,830
1296,829
1297,829
1298,828
1300,828
1301,829
1301,830
# contour 3
888,830
889,829
889,828
890,827
892,827
893,828
895,828
896,829
898,829
899,830
900,830
901,831
903,831
904,832
906,832
907,833
909,833
910,834
913,834
914,835
916,835
917,836
919,836
920,837
923,837
924,838
926,838
927,839
930,839
931,840
934,840
935,841
938,841
939,842
942,842
943,843
946,843
947,844
951,844
952,845
955,845
956,846
960,846
961,847
965,847
966,848
971,848
972,849
977,849
978,850
979,850
980,851
980,854
979,855
979,858
978,859
978,861
977,862
977,864
976,865
976,866
975,867
975,868
974,869
974,870
973,871
973,872
965,880
962,880
961,881
955,881
954,880
948,880
947,879
943,879
942,878
938,878
937,877
934,877
933,876
931,876
930,875
927,875
926,874
924,874
923,873
920,873
919,872
917,872
916,871
914,871
913,870
911,870
910,869
908,869
907,868
905,868
904,867
902,867
901,866
900,866
899,865
897,865
896,864
894,864
893,863
891,863
890,862
889,862
888,861
886,861
884,859
884,858
883,857
883,850
884,849
884,845
885,844
885,841
886,840
886,837
887,836
887,833
888,832
# contour 4
777,737
777,735
779,733
782,733
783,732
785,732
786,733
786,734
788,736
788,737
790,739
790,740
793,743
793,744
796,747
796,748
817,769
818,769
823,774
824,774
827,777
828,777
831,780
832,780
834,782
835,782
837,784
838,784
840,786
841,786
843,788
844,788
846,790
847,790
848,791
849,791
851,793
852,793
853,794
854,794
855,795
856,795
858,797
859,797
860,798
861,798
862,799
863,799
864,800
865,800
866,801
867,801
868,802
869,802
870,803
871,803
872,804
873,804
874,805
875,805
876,806
878,806
879,807
880,807
881,808
882,808
883,809
884,809
885,810
887,810
888,811
889,811
890,812
892,812
893,813
894,813
895,814
897,814
898,815
900,815
901,816
902,816
903,817
905,817
906,818
908,818
909,819
911,819
912,820
914,820
915,821
917,821
918,822
920,822
921,823
924,823
925,824
927,824
928,825
931,825
932,826
934,826
935,827
938,827
939,828
942,828
943,829
946,829
947,830
950,830
951,831
955,831
956,832
960,832
961,833
965,833
966,834
970,834
971,835
975,835
976,836
981,836
982,837
987,837
988,838
994,838
995,839
1001,839
1002,840
1009,840
1010,841
1018,841
1019,842
1029,842
1030,843
1042,843
1043,844
1060,844
1061,845
1132,845
1133,844
1149,844
1150,843
1163,843
1164,842
1173,842
1174,841
1182,841
1183,840
1191,840
1192,839
1198,839
1199,838
1205,838
1206,837
1211,837
1212,836
1217,836
1218,835
1222,835
1223,834
1227,834
1228,833
1232,833
1233,832
1237,832
1238,831
1242,831
1243,830
1246,830
1247,829
1250,829
1251,828
1254,828
1255,827
1258,827
1259,826
1262,826
1263,825
1265,825
1266,824
1269,824
1270,823
1272,823
1273,822
1275,822
1276,821
1278,821
1279,820
1281,820
1282,819
1284,819
1285,818
1287,818
1288,817
1290,817
1291,816
1293,816
1294,815
1296,815
1297,814
1298,814
1299,813
1301,813
1302,812
1303,812
1304,811
1306,811
1307,810
1308,810
1309,809
1311,809
1312,808
1313,808
1314,807
1315,807
1316,806
1318,806
1319,805
1320,805
1321,804
1322,804
1323,803
1324,803
1325,802
1326,802
1327,801
1328,801
1329,800
1330,800
1331,799
1332,799
1333,798
1334,798
1335,797
1336,797
1337,796
1338,796
1340,794
1341,794
1342,793
1343,793
1344,792
1345,792
1347,790
1348,790
1349,789
1350,789
1352,787
1353,787
1355,785
1356,785
1357,784
1358,784
1361,781
1362,781
1364,779
1365,779
1368,776
1369,776
1372,773
1373,773
1377,769
1378,769
1385,762
1386,762
1396,752
1396,751
1402,745
1402,744
1406,740
1406,739
1408,737
1408,736
1410,734
1410,733
1411,732
1415,732
1416,733
1418,733
1420,735
1419,736
1419,737
1417,739
1417,740
1415,742
1415,743
1413,745
1413,746
1410,749
1410,750
1405,755
1405,756
1388,773
1387,773
1381,779
1380,779
1377,782
1376,782
1373,785
1372,785
1369,788
1368,788
1366,790
1365,790
1363,792
1362,792
1360,794
1359,794
1357,796
1356,796
1355,797
1354,797
1352,799
1351,799
1350,800
1349,800
1347,802
1346,802
1345,803
1344,803
1343,804
1342,804
1341,805
1340,805
1338,807
1337,807
1336,808
1335,808
1334,809
1333,809
1332,810
1331,810
1330,811
1328,811
1327,812
1326,812
1325,813
1324,813
1323,814
1322,814
1321,815
1320,815
1319,816
1317,816
1316,817
1315,817
1314,818
1313,818
1312,819
1310,819
1309,820
1308,820
1307,821
1305,821
1304,822
1303,822
1302,823
1300,823
1299,824
1297,824
1296,825
1295,825
1294,826
1292,826
1291,827
1289,827
1288,828
1286,828
1285,829
1283,829
1282,830
1279,830
1278,831
1276,831
1275,832
1273,832
1272,833
1269,833
1268,834
1266,834
1265,835
1262,835
1261,836
1258,836
1257,837
1254,837
1253,838
1250,838
1249,839
1246,839
1245,840
1241,840
1240,841
1236,841
1235,842
1232,842
1231,843
1226,843
1225,844
1221,844
1220,845
1215,845
1214,846
1209,846
1208,847
1202,847
1201,848
1195,848
1194,849
1187,849
1186,850
1178,850
1177,851
1168,851
1167,852
1155,852
1154,853
1139,853
1138,854
1105,854
1104,855
1089,855
1088,854
1055,854
1054,853
1038,853
1037,852
1026,852
1025,851
1015,851
1014,850
1007,850
1006,849
999,849
998,848
991,848
990,847
985,847
984,846
978,846
977,845
973,845
972,844
967,844
966,843
962,843
961,842
957,842
956,841
953,841
952,840
948,840
947,839
944,839
943,838
940,838
939,837
936,837
935,836
932,836
931,835
928,835
927,834
925,834
924,833
921,833
920,832
918,832
917,831
915,831
914,830
911,830
910,829
908,829
907,828
905,828
904,827
902,827
901,826
900,826
899,825
897,825
896,824
894,824
893,823
892,823
891,822
889,822
888,821
886,821
885,820
884,820
883,819
882,819
881,818
879,818
878,817
877,817
876,816
875,816
874,815
872,815
871,814
870,814
869,813
868,813
867,812
866,812
865,811
864,811
863,810
862,810
861,809
860,809
859,808
858,808
857,807
856,807
855,806
854,806
852,804
851,804
850,803
849,803
848,802
847,802
846,801
845,801
843,799
842,799
840,797
839,797
838,796
837,796
835,794
834,794
832,792
831,792
829,790
828,790
825,787
824,787
821,784
820,784
816,780
815,780
810,775
809,775
793,759
793,758
788,753
788,752
784,748
784,747
782,745
782,744
780,742
780,741
778,739
778,738
# contour 5
1400,723
1401,722
1401,721
1402,720
1403,720
1404,719
1418,719
1419,720
1421,720
1422,721
1424,721
1425,722
1426,722
1427,723
1428,723
1430,725
1431,725
1437,731
1437,732
1438,733
1438,736
1435,739
1432,739
1425,732
1424,732
1423,731
1422,731
1421,730
1420,730
1419,729
1417,729
1416,728
1403,728
1401,726
1401,725
1400,724
# contour 6
793,721
793,722
794,723
794,724
793,725
793,726
791,728
782,728
781,729
778,729
777,730
776,730
775,731
774,731
769,736
769,737
767,739
763,739
760,736
760,733
762,731
762,730
768,724
769,724
771,722
773,722
774,721
775,721
776,720
779,720
780,719
790,719
791,720
792,720
# contour 7
756,732
756,737
757,738
757,739
758,740
758,741
759,741
761,743
768,743
769,742
770,742
773,739
775,741
775,742
776,743
776,744
778,746
778,747
781,750
781,751
784,754
784,755
789,760
789,761
806,778
807,778
813,784
814,784
817,787
818,787
821,790
822,790
825,793
826,793
828,795
829,795
831,797
832,797
834,799
835,799
837,801
838,801
839,802
840,802
842,804
843,804
844,805
845,805
846,806
847,806
849,808
850,808
851,809
852,809
853,810
854,810
855,811
856,811
857,812
858,812
859,813
860,813
861,814
862,814
863,815
864,815
865,816
866,816
867,817
868,817
869,818
870,818
871,819
872,819
873,820
875,820
876,821
877,821
878,822
879,822
880,823
882,823
883,824
884,824
885,825
885,828
884,829
884,831
883,832
883,834
882,835
882,838
881,839
881,842
880,843
880,847
879,848
879,859
880,860
880,861
883,864
884,864
885,865
886,865
887,866
889,866
890,867
892,867
893,868
894,868
895,869
897,869
898,870
900,870
901,871
903,871
904,872
905,872
906,873
908,873
909,874
911,874
912,875
914,875
915,876
918,876
919,877
921,877
922,878
924,878
925,879
928,879
929,880
932,880
933,881
936,881
937,882
940,882
941,883
945,883
946,884
951,884
952,885
963,885
964,884
966,884
967,883
968,883
969,882
970,882
975,877
975,876
977,874
977,873
978,872
978,871
979,870
979,869
980,868
980,866
981,865
981,863
982,862
982,860
983,859
983,857
984,856
984,853
986,851
989,851
990,852
997,852
998,853
1004,853
1005,854
1013,854
1014,855
1023,855
1024,856
1036,856
1037,857
1052,857
1053,858
1082,858
1083,859
1109,859
1110,858
1139,858
1140,857
1156,857
1157,856
1168,856
1169,855
1178,855
1179,854
1187,854
1188,853
1195,853
1196,852
1202,852
1203,851
1204,851
1205,852
1205,853
1206,854
1206,857
1207,858
1207,860
1208,861
1208,863
1209,864
1209,866
1210,867
1210,868
1211,869
1211,870
1212,871
1212,872
1213,873
1213,874
1214,875
1214,876
1220,882
1221,882
1222,883
1223,883
1224,884
1226,884
1227,885
1237,885
1238,884
1244,884
1245,883
1249,883
1250,882
1253,882
1254,881
1257,881
1258,880
1261,880
1262,879
1264,879
1265,878
1268,878
1269,877
1271,877
1272,876
1274,876
1275,875
1277,875
1278,874
1280,874
1281,873
1283,873
1284,872
1286,872
1287,871
1289,871
1290,870
1292,870
1293,869
1295,869
1296,868
1297,868
1298,867
1300,867
1301,866
1302,866
1303,865
1305,865
1306,864
1307,864
1310,861
1310,859
1311,858
1311,850
1310,849
1310,844
1309,843
1309,840
1308,839
1308,836
1307,835
1307,833
1306,832
1306,829
1305,828
1305,826
1306,825
1308,825
1309,824
1310,824
1311,823
1313,823
1314,822
1315,822
1316,821
1318,821
1319,820
1320,820
1321,819
1322,819
1323,818
1324,818
1325,817
1327,817
1328,816
1329,816
1330,815
1331,815
1332,814
1333,814
1334,813
1335,813
1336,812
1337,812
1338,811
1339,811
1340,810
1341,810
1342,809
1343,809
1345,807
1346,807
1347,806
1348,806
1349,805
1350,805
1351,804
1352,804
1354,802
1355,802
1356,801
1357,801
1359,799
1360,799
1362,797
1363,797
1365,795
1366,795
1368,793
1369,793
1371,791
1372,791
1374,789
1375,789
1378,786
1379,786
1383,782
1384,782
1389,777
1390,777
1408,759
1408,758
1413,753
1413,752
1416,749
1416,748
1419,745
1419,744
1421,742
1421,741
1422,740
1422,739
1424,737
1427,740
1427,741
1428,741
1429,742
1430,742
1431,743
1436,743
1437,742
1438,742
1441,739
1441,738
1442,737
1442,732
1441,731
1441,730
1440,729
1440,728
1434,722
1433,722
1431,720
1430,720
1429,719
1428,719
1427,718
1426,718
1425,717
1423,717
1422,716
1420,716
1419,715
1402,715
1401,716
1400,716
1398,718
1398,719
1397,720
1397,721
1396,722
1396,725
1397,726
1397,728
1400,731
1401,731
1402,732
1404,732
1405,733
1405,734
1402,737
1402,738
1398,742
1398,743
1391,750
1391,751
1384,758
1383,758
1375,766
1374,766
1370,770
1369,770
1366,773
1365,773
1362,776
1361,776
1359,778
1358,778
1356,780
1355,780
1353,782
1352,782
1350,784
1349,784
1347,786
1346,786
1345,787
1344,787
1342,789
1341,789
1340,790
1339,790
1338,791
1337,791
1336,792
1335,792
1333,794
1332,794
1331,795
1330,795
1329,796
1328,796
1327,797
1326,797
1325,798
1324,798
1323,799
1322,799
1321,800
1320,800
1319,801
1317,801
1316,802
1315,802
1314,803
1313,803
1312,804
1311,804
1310,805
1308,805
1307,806
1306,806
1305,807
1303,807
1302,808
1301,808
1300,809
1298,809
1297,810
1296,810
1295,811
1293,811
1292,812
1290,812
1289,813
1287,813
1286,814
1284,814
1283,815
1281,815
1280,816
1278,816
1277,817
1275,817
1274,818
1272,818
1271,819
1269,819
1268,820
1265,820
1264,821
1262,821
1261,822
1258,822
1257,823
1254,823
1253,824
1250,824
1249,825
1246,825
1245,826
1242,826
1241,827
1237,827
1236,828
1233,828
1232,829
1228,829
1227,830
1222,830
1221,831
1217,831
1216,832
1211,832
1210,833
1205,833
1204,834
1198,834
1197,835
1191,835
1190,836
1182,836
1181,837
1173,837
1172,838
1162,838
1161,839
1149,839
1148,840
1130,840
1129,841
1063,841
1062,840
1044,840
1043,839
1031,839
1030,838
1020,838
1019,837
1011,837
1010,836
1003,836
1002,835
996,835
995,834
989,834
988,833
983,833
982,832
977,832
976,831
972,831
971,830
966,830
965,829
961,829
960,828
957,828
956,827
952,827
951,826
948,826
947,825
944,825
943,824
940,824
939,823
936,823
935,822
933,822
932,821
929,821
928,820
926,820
925,819
922,819
921,818
919,818
918,817
916,817
915,816
913,816
912,815
910,815
909,814
907,814
906,813
904,813
903,812
902,812
901,811
899,811
898,810
896,810
895,809
894,809
893,808
891,808
890,807
889,807
888,806
887,806
886,805
884,805
883,804
882,804
881,803
880,803
879,802
878,802
877,801
875,801
874,800
873,800
872,799
871,799
870,798
869,798
868,797
867,797
866,796
865,796
863,794
862,794
861,793
860,793
859,792
858,792
857,791
856,791
854,789
853,789
852,788
851,788
850,787
849,787
847,785
846,785
844,783
843,783
841,781
840,781
838,779
837,779
835,777
834,777
831,774
830,774
827,771
826,771
821,766
820,766
800,746
800,745
796,741
796,740
793,737
793,736
791,734
791,733
793,731
794,731
796,729
796,728
797,727
797,725
798,724
798,723
797,722
797,720
796,719
796,718
794,716
793,716
792,715
779,715
778,716
775,716
774,717
772,717
771,718
770,718
769,719
768,719
766,721
765,721
759,727
759,728
757,730
757,731
# contour 8
1376,559
1377,560
1378,560
1383,565
1383,566
1384,567
1384,568
1385,569
1385,571
1386,572
1386,577
1385,578
1385,580
1384,581
1384,582
1377,589
1376,589
1375,590
1374,590
1373,591
1372,591
1371,592
1370,592
1369,593
1367,593
1366,594
1364,592
1364,591
1361,588
1361,587
1359,585
1359,584
1358,583
1358,582
1356,580
1356,579
1355,578
1355,576
1354,575
1354,573
1355,572
1355,571
1357,569
1357,568
1360,565
1361,565
1364,562
1365,562
1366,561
1367,561
1368,560
1370,560
1371,559
# contour 9
845,559
849,559
850,560
852,560
853,561
854,561
855,562
856,562
858,564
859,564
865,570
865,571
866,572
866,576
865,577
865,578
864,579
864,580
863,581
863,582
862,583
862,584
860,586
860,587
857,590
857,591
854,594
853,593
851,593
850,592
849,592
848,591
847,591
846,590
845,590
843,588
842,588
837,583
837,582
836,581
836,580
835,579
835,576
834,575
835,574
835,570
836,569
836,568
837,567
837,566
838,565
838,564
842,560
844,560
# contour 10
1380,556
1378,556
1377,555
1370,555
1369,556
1367,556
1366,557
1364,557
1363,558
1362,558
1360,560
1359,560
1352,567
1352,568
1351,569
1351,570
1350,571
1350,577
1351,578
1351,579
1352,580
1352,581
1353,582
1353,583
1354,584
1354,585
1355,586
1355,587
1357,589
1357,590
1360,593
1360,594
1363,597
1363,598
1364,599
1365,598
1368,598
1369,597
1371,597
1372,596
1373,596
1374,595
1375,595
1376,594
1377,594
1378,593
1379,593
1381,591
1382,591
1386,587
1386,586
1388,584
1388,583
1389,582
1389,580
1390,579
1390,571
1389,570
1389,567
1388,566
1388,565
1387,564
1387,563
1384,560
1384,559
1383,558
1382,558
# contour 11
843,555
842,556
841,556
840,557
839,557
834,562
834,563
833,564
833,565
832,566
832,567
831,568
831,571
830,572
830,577
831,578
831,581
832,582
832,583
833,584
833,585
840,592
841,592
843,594
844,594
845,595
846,595
847,596
849,596
850,597
852,597
853,598
855,598
856,599
858,597
858,596
861,593
861,592
864,589
864,588
865,587
865,586
867,584
867,583
868,582
868,581
869,580
869,579
870,578
870,575
871,574
870,573
870,570
869,569
869,568
861,560
860,560
858,558
857,558
856,557
855,557
854,556
852,556
851,555
# contour 12
1366,522
1382,522
1383,523
1386,523
1387,524
1389,524
1390,525
1391,525
1392,526
1393,526
1394,527
1395,527
1396,528
1397,528
1399,530
1400,530
1403,533
1404,533
1413,542
1413,543
1415,545
1415,546
1417,548
1417,549
1418,550
1418,551
1419,552
1419,553
1420,554
1420,555
1421,556
1421,558
1422,559
1422,561
1423,562
1423,566
1424,567
1424,577
1423,578
1423,582
1422,583
1422,586
1421,587
1421,588
1420,589
1420,590
1419,591
1419,592
1418,593
1418,594
1417,595
1417,596
1414,599
1414,600
1408,606
1407,606
1404,609
1403,609
1401,611
1400,611
1399,612
1398,612
1397,613
1396,613
1395,614
1394,614
1393,615
1392,615
1391,616
1389,616
1388,617
1386,617
1385,618
1382,618
1381,619
1378,619
1377,620
1376,620
1375,619
1374,619
1372,617
1372,613
1374,611
1375,611
1376,610
1379,610
1380,609
1383,609
1384,608
1386,608
1387,607
1388,607
1389,606
1391,606
1392,605
1393,605
1394,604
1395,604
1397,602
1398,602
1400,600
1401,600
1408,593
1408,592
1410,590
1410,589
1411,588
1411,587
1412,586
1412,584
1413,583
1413,581
1414,580
1414,574
1415,573
1415,572
1414,571
1414,564
1413,563
1413,561
1412,560
1412,558
1411,557
1411,556
1410,555
1410,554
1408,552
1408,551
1406,549
1406,548
1397,539
1396,539
1394,537
1393,537
1391,535
1390,535
1389,534
1387,534
1386,533
1385,533
1384,532
1381,532
1380,531
1368,531
1367,532
1364,532
1363,533
1362,533
1361,534
1359,534
1358,535
1357,535
1356,536
1355,536
1353,538
1352,538
1350,540
1349,540
1344,545
1343,545
1340,548
1340,549
1335,554
1335,555
1332,558
1332,559
1331,560
1330,560
1329,561
1326,561
1324,559
1324,558
1323,557
1323,555
1325,553
1325,552
1328,549
1328,548
1342,534
1343,534
1346,531
1347,531
1349,529
1350,529
1351,528
1352,528
1353,527
1354,527
1355,526
1356,526
1357,525
1358,525
1359,524
1361,524
1362,523
1365,523
# contour 13
854,522
855,523
858,523
859,524
861,524
862,525
863,525
864,526
865,526
866,527
867,527
868,528
869,528
870,529
871,529
873,531
874,531
876,533
877,533
882,538
883,538
889,544
889,545
894,550
894,551
896,553
896,554
897,555
897,558
894,561
891,561
887,557
887,556
883,552
883,551
875,543
874,543
870,539
869,539
867,537
866,537
865,536
864,536
863,535
862,535
861,534
860,534
859,533
857,533
856,532
853,532
852,531
840,531
839,532
837,532
836,533
834,533
833,534
832,534
831,535
830,535
829,536
828,536
826,538
825,538
823,540
822,540
815,547
815,548
812,551
812,552
811,553
811,554
810,555
810,556
809,557
809,558
808,559
808,561
807,562
807,565
806,566
806,579
807,580
807,582
808,583
808,585
809,586
809,587
810,588
810,589
811,590
811,591
814,594
814,595
818,599
819,599
822,602
823,602
824,603
825,603
826,604
827,604
828,605
829,605
830,606
831,606
832,607
834,607
835,608
837,608
838,609
840,609
841,610
845,610
849,614
849,616
845,620
843,620
842,619
839,619
838,618
835,618
834,617
832,617
831,616
830,616
829,615
827,615
826,614
825,614
824,613
823,613
822,612
821,612
819,610
818,610
816,608
815,608
804,597
804,596
802,594
802,593
801,592
801,591
800,590
800,588
799,587
799,586
798,585
798,582
797,581
797,574
796,573
796,572
797,571
797,563
798,562
798,560
799,559
799,557
800,556
800,554
801,553
801,552
802,551
802,550
804,548
804,547
805,546
805,545
809,541
809,540
814,535
815,535
819,531
820,531
822,529
823,529
825,527
826,527
827,526
828,526
829,525
831,525
832,524
833,524
834,523
837,523
838,522
# contour 14
1366,518
1365,519
1362,519
1361,520
1358,520
1357,521
1356,521
1355,522
1354,522
1353,523
1352,523
1351,524
1350,524
1349,525
1348,525
1347,526
1346,526
1344,528
1343,528
1340,531
1339,531
1324,546
1324,547
1322,549
1322,550
1320,552
1320,553
1319,554
1319,559
1320,560
1320,561
1323,564
1324,564
1325,565
1331,565
1332,564
1333,564
1335,562
1335,561
1338,558
1338,557
1352,543
1353,543
1355,541
1356,541
1357,540
1358,540
1360,538
1362,538
1363,537
1364,537
1365,536
1368,536
1369,535
1379,535
1380,536
1383,536
1384,537
1385,537
1386,538
1387,538
1388,539
1389,539
1390,540
1391,540
1394,543
1395,543
1403,551
1403,552
1405,554
1405,555
1407,557
1407,558
1408,559
1408,561
1409,562
1409,564
1410,565
1410,579
1409,580
1409,582
1408,583
1408,585
1407,586
1407,587
1404,590
1404,591
1398,597
1397,597
1395,599
1394,599
1393,600
1392,600
1391,601
1390,601
1389,602
1388,602
1387,603
1386,603
1385,604
1383,604
1382,605
1379,605
1378,606
1375,606
1374,607
1372,607
1369,610
1369,611
1368,612
1368,618
1369,619
1369,620
1372,623
1374,623
1375,624
1378,624
1379,623
1382,623
1383,622
1386,622
1387,621
1389,621
1390,620
1392,620
1393,619
1394,619
1395,618
1396,618
1397,617
1398,617
1399,616
1400,616
1401,615
1402,615
1403,614
1404,614
1406,612
1407,612
1410,609
1411,609
1417,603
1417,602
1420,599
1420,598
1422,596
1422,595
1423,594
1423,593
1424,592
1424,590
1425,589
1425,588
1426,587
1426,584
1427,583
1427,579
1428,578
1428,567
1427,566
1427,561
1426,560
1426,558
1425,557
1425,555
1424,554
1424,552
1423,551
1423,550
1422,549
1422,548
1420,546
1420,545
1419,544
1419,543
1416,540
1416,539
1407,530
1406,530
1403,527
1402,527
1400,525
1399,525
1398,524
1397,524
1396,523
1395,523
1394,522
1393,522
1392,521
1391,521
1390,520
1388,520
1387,519
1384,519
1383,518
# contour 15
855,518
837,518
836,519
833,519
832,520
830,520
829,521
828,521
827,522
826,522
825,523
824,523
823,524
822,524
820,526
819,526
817,528
816,528
813,531
812,531
806,537
806,538
802,542
802,543
800,545
800,546
799,547
799,548
798,549
798,550
797,551
797,552
796,553
796,555
795,556
795,558
794,559
794,562
793,563
793,569
792,570
792,575
793,576
793,582
794,583
794,586
795,587
795,589
796,590
796,591
797,592
797,593
798,594
798,595
799,596
799,597
801,599
801,600
806,605
806,606
807,607
808,607
812,611
813,611
816,614
817,614
818,615
819,615
820,616
821,616
822,617
823,617
824,618
825,618
826,619
828,619
829,620
830,620
831,621
834,621
835,622
837,622
838,623
842,623
843,624
845,624
846,623
848,623
852,619
852,617
853,616
853,614
852,613
852,611
848,607
846,607
845,606
842,606
841,605
839,605
838,604
836,604
835,603
833,603
832,602
831,602
830,601
829,601
828,600
827,600
825,598
824,598
821,595
820,595
817,592
817,591
814,588
814,587
813,586
813,585
812,584
812,583
811,582
811,579
810,578
810,567
811,566
811,563
812,562
812,560
813,559
813,558
814,557
814,556
816,554
816,553
818,551
818,550
824,544
825,544
828,541
829,541
831,539
832,539
833,538
834,538
835,537
837,537
838,536
840,536
841,535
851,535
852,536
855,536
856,537
858,537
859,538
860,538
861,539
862,539
864,541
865,541
867,543
868,543
872,547
873,547
879,553
879,554
884,559
884,560
888,564
889,564
890,565
895,565
896,564
897,564
900,561
900,560
901,559
901,553
899,551
899,550
897,548
897,547
893,543
893,542
885,534
884,534
880,530
879,530
876,527
875,527
874,526
873,526
871,524
870,524
869,523
868,523
867,522
865,522
864,521
863,521
862,520
860,520
859,519
856,519
# contour 16
274,515
275,515
276,514
283,514
284,515
286,515
288,517
289,517
291,519
292,519
310,537
310,538
322,550
323,550
328,555
329,555
331,557
332,557
334,559
335,559
336,560
337,560
338,561
339,561
340,562
341,562
342,563
343,563
344,564
346,564
347,565
349,565
350,566
352,566
353,567
356,567
357,568
361,568
362,569
366,569
367,570
372,570
373,571
381,571
382,572
397,572
398,573
400,573
401,574
398,577
398,578
394,582
394,583
390,587
390,588
387,591
387,592
384,595
384,596
382,598
382,599
380,601
380,602
378,604
378,605
376,607
376,608
374,610
374,611
372,613
372,614
370,616
370,617
369,618
369,619
367,621
367,622
366,623
366,624
364,626
364,627
363,628
363,629
362,630
362,631
361,632
361,633
359,635
359,636
358,637
358,638
357,639
357,640
356,641
356,642
355,643
355,644
354,645
354,646
353,647
353,648
352,649
352,650
351,651
351,652
350,653
350,655
349,656
347,656
346,655
345,655
344,654
343,654
341,652
340,652
339,651
338,651
336,649
335,649
333,647
332,647
330,645
329,645
325,641
324,641
319,636
318,636
306,624
306,623
300,617
300,616
296,612
296,611
294,609
294,608
291,605
291,604
289,602
289,601
288,600
288,599
286,597
286,596
285,595
285,594
283,592
283,591
282,590
282,589
281,588
281,587
280,586
280,585
279,584
279,583
278,582
278,581
277,580
277,578
276,577
276,576
275,575
275,574
274,573
274,571
273,570
273,568
272,567
272,566
271,565
271,562
270,561
270,559
269,558
269,555
268,554
268,551
267,550
267,544
266,543
266,529
267,528
267,525
268,524
268,522
269,521
269,520
# contour 17
416,563
438,541
439,541
448,532
449,532
455,526
456,526
460,522
461,522
465,518
466,518
470,514
471,514
473,512
474,512
477,509
478,509
480,507
481,507
483,505
484,505
486,503
487,503
489,501
490,501
491,500
492,500
494,498
495,498
496,497
497,497
498,496
499,496
501,494
502,494
503,493
504,493
505,492
506,492
507,491
508,491
509,490
510,490
511,489
512,489
513,488
514,488
515,487
516,487
517,486
518,486
519,485
520,485
523,483
525,483
526,482
527,482
530,480
532,480
533,479
534,479
535,478
537,478
540,476
542,476
543,475
545,475
548,473
550,473
551,472
553,472
554,471
556,471
557,470
559,470
560,469
563,469
564,468
566,468
567,467
569,467
570,466
573,466
574,465
576,465
577,464
580,464
581,463
584,463
585,462
588,462
589,461
593,461
594,460
597,460
598,459
602,459
603,458
607,458
608,457
613,457
614,456
619,456
620,455
625,455
626,454
632,454
633,453
639,453
640,452
648,452
649,451
659,451
660,450
673,450
674,449
701,449
702,448
715,448
716,449
744,449
745,450
757,450
758,451
767,451
768,452
770,452
772,455
772,460
773,461
773,465
774,466
774,470
775,471
775,474
776,475
776,477
777,478
777,481
778,482
778,484
779,485
779,487
780,488
780,489
781,490
781,492
782,493
782,496
780,498
779,498
770,507
769,507
753,523
753,524
745,532
745,533
740,538
740,539
736,543
736,544
733,547
733,548
730,551
730,552
728,554
728,555
726,557
726,558
724,560
724,561
722,563
722,564
720,566
720,567
719,568
719,569
717,571
717,572
716,573
716,574
714,576
714,577
713,578
713,579
712,580
712,581
711,582
711,583
710,584
710,585
709,586
709,587
708,588
708,589
707,590
707,591
706,592
706,593
705,594
705,595
703,598
703,600
702,601
702,602
701,603
701,605
699,608
699,610
698,611
698,613
697,614
697,616
696,617
696,619
695,620
695,622
694,623
694,625
693,626
693,629
692,630
692,632
691,633
691,637
690,638
690,641
689,642
689,646
688,647
688,652
687,653
687,659
686,660
686,670
685,671
685,700
686,701
686,710
687,711
687,718
688,719
688,724
689,725
689,729
690,730
690,733
691,734
691,737
692,738
692,741
693,742
693,745
694,746
694,748
695,749
695,751
696,752
696,754
697,755
697,757
698,758
698,760
699,761
699,763
700,764
700,765
701,766
701,768
702,769
702,770
704,773
704,775
705,776
705,777
706,778
706,779
707,780
707,781
708,782
708,783
709,784
709,785
710,786
710,787
711,788
711,789
712,790
712,791
713,792
713,793
715,795
715,796
716,797
716,798
717,799
717,800
719,802
719,803
720,804
720,805
722,807
722,808
724,810
724,811
726,813
726,814
728,816
728,817
731,820
731,821
733,823
733,824
737,828
737,829
741,833
741,834
746,839
746,840
755,849
755,850
768,863
769,863
778,872
779,872
784,877
785,877
790,882
791,882
794,885
795,885
798,888
799,888
802,891
803,891
806,894
807,894
809,896
810,896
812,898
813,898
815,900
816,900
818,902
819,902
821,904
822,904
824,906
825,906
826,907
827,907
829,909
830,909
831,910
832,910
834,912
835,912
836,913
837,913
839,915
840,915
841,916
842,916
843,917
844,917
846,919
847,919
848,920
849,920
850,921
851,921
852,922
853,922
854,923
855,923
856,924
857,924
858,925
859,925
860,926
861,926
862,927
863,927
864,928
865,928
866,929
867,929
868,930
869,930
870,931
871,931
874,933
876,933
877,934
878,934
879,935
880,935
883,937
885,937
886,938
887,938
890,940
892,940
895,942
897,942
898,943
899,943
900,944
902,944
905,946
907,946
908,947
910,947
911,948
913,948
916,950
918,950
919,951
921,951
922,952
924,952
925,953
927,953
928,954
931,954
932,955
934,955
935,956
937,956
938,957
940,957
941,958
944,958
945,959
947,959
948,960
951,960
952,961
955,961
956,962
959,962
960,963
963,963
964,964
967,964
968,965
971,965
972,966
976,966
977,967
980,967
981,968
985,968
986,969
990,969
991,970
996,970
997,971
1001,971
1002,972
1008,972
1009,973
1014,973
1015,974
1021,974
1022,975
1029,975
1030,976
1030,1054
1029,1055
1029,1075
1028,1076
1028,1089
1027,1090
1027,1100
1026,1101
1026,1107
1025,1108
1025,1113
1024,1114
1024,1118
1023,1119
1023,1122
1022,1123
1022,1125
1021,1126
1021,1127
1020,1128
1019,1128
1016,1130
1013,1130
1012,1131
1009,1131
1008,1132
1005,1132
1004,1133
999,1133
998,1134
992,1134
991,1135
985,1135
984,1136
976,1136
975,1137
966,1137
965,1138
954,1138
953,1139
939,1139
938,1140
917,1140
916,1141
862,1141
861,1140
845,1140
844,1139
834,1139
833,1138
826,1138
825,1137
820,1137
819,1136
814,1136
813,1135
810,1135
809,1134
806,1134
805,1133
802,1133
801,1132
799,1132
798,1131
797,1131
796,1130
795,1130
794,1129
793,1129
792,1128
791,1128
785,1122
785,1121
784,1120
784,1119
783,1118
783,1117
781,1114
781,1112
779,1109
779,1107
778,1106
778,1103
777,1102
777,1100
776,1099
776,1095
775,1094
775,1091
774,1090
774,1086
773,1085
773,1080
772,1079
772,1073
771,1072
771,1065
770,1064
770,1055
769,1054
769,1043
768,1042
768,1024
767,1023
767,1016
764,1016
763,1017
759,1017
758,1018
753,1018
752,1019
745,1019
744,1020
731,1020
730,1021
715,1021
714,1020
700,1020
699,1019
692,1019
691,1018
685,1018
684,1017
679,1017
678,1016
673,1016
672,1015
668,1015
667,1014
664,1014
663,1013
660,1013
659,1012
655,1012
654,1011
652,1011
651,1010
650,1010
649,1011
649,1013
648,1014
648,1021
647,1022
647,1028
646,1029
646,1035
645,1036
645,1041
644,1042
644,1047
643,1048
643,1052
642,1053
642,1057
641,1058
641,1061
640,1062
640,1065
639,1066
639,1069
638,1070
638,1073
637,1074
637,1077
636,1078
636,1080
635,1081
635,1083
634,1084
634,1086
633,1087
633,1089
632,1090
632,1092
631,1093
631,1095
630,1096
630,1097
628,1100
628,1102
627,1103
627,1104
626,1105
626,1106
625,1107
625,1108
623,1110
623,1111
621,1113
621,1114
618,1117
618,1118
616,1120
615,1120
613,1122
612,1122
610,1124
609,1124
606,1126
604,1126
601,1128
599,1128
598,1129
595,1129
594,1130
592,1130
591,1131
588,1131
587,1132
583,1132
582,1133
577,1133
576,1134
570,1134
569,1135
562,1135
561,1136
551,1136
550,1137
525,1137
524,1138
515,1138
514,1137
487,1137
486,1136
473,1136
472,1135
463,1135
462,1134
454,1134
453,1133
447,1133
446,1132
440,1132
439,1131
434,1131
433,1130
429,1130
428,1129
424,1129
423,1128
419,1128
418,1127
415,1127
414,1126
411,1126
410,1125
407,1125
406,1124
404,1124
403,1123
400,1123
399,1122
397,1122
396,1121
394,1121
391,1119
389,1119
388,1118
387,1118
386,1117
385,1117
384,1116
383,1116
381,1114
380,1114
378,1112
377,1112
373,1108
373,1107
371,1104
371,1081
370,1080
370,1071
369,1070
369,1062
368,1061
368,1055
367,1054
367,1047
366,1046
366,1041
365,1040
365,1034
364,1033
364,1027
363,1026
363,1021
362,1020
362,1015
361,1014
361,1008
360,1007
360,1002
359,1001
359,996
358,995
358,990
357,989
357,984
356,983
356,979
355,978
355,973
354,972
354,967
353,966
353,961
352,960
352,956
351,955
351,950
350,949
350,944
349,943
349,938
348,937
348,933
347,932
347,927
346,926
346,921
345,920
345,916
344,915
344,910
343,909
343,904
342,903
342,899
341,898
341,893
340,892
340,887
339,886
339,881
338,880
338,876
337,875
337,870
336,869
336,864
335,863
335,858
334,857
334,852
333,851
333,846
332,845
332,840
331,839
331,834
330,833
330,827
329,826
329,821
328,820
328,814
327,813
327,805
326,804
326,787
325,786
325,774
326,773
326,758
327,757
327,748
328,747
328,741
329,740
329,734
330,733
330,729
331,728
331,724
332,723
332,719
333,718
333,715
334,714
334,711
335,710
335,707
336,706
336,703
337,702
337,700
338,699
338,697
339,696
339,693
340,692
340,690
341,689
341,687
342,686
342,684
344,681
344,679
345,678
345,676
347,673
347,671
349,668
349,666
350,665
350,664
352,661
352,659
353,658
353,657
354,656
354,655
355,654
355,653
356,652
356,651
357,650
357,649
358,648
358,647
359,646
359,645
360,644
360,643
361,642
361,641
362,640
362,639
363,638
363,637
364,636
364,635
365,634
365,633
367,631
367,630
368,629
368,628
369,627
369,626
371,624
371,623
372,622
372,621
374,619
374,618
376,616
376,615
378,613
378,612
379,611
379,610
381,608
381,607
384,604
384,603
386,601
386,600
388,598
388,597
391,594
391,593
394,590
394,589
398,585
398,584
402,580
402,579
408,573
408,572
416,564
# contour 18
713,587
715,585
715,584
716,583
716,582
717,581
717,580
718,579
718,578
719,577
719,576
721,574
721,573
722,572
722,571
724,569
724,568
726,566
726,565
728,563
728,562
730,560
730,559
732,557
732,556
734,554
734,553
737,550
737,549
740,546
740,545
745,540
745,539
750,534
750,533
779,504
780,504
786,498
787,498
792,493
793,493
796,490
797,490
801,486
802,486
804,484
805,484
808,481
809,481
812,478
813,478
815,476
816,476
818,474
819,474
821,472
822,472
824,470
825,470
826,469
827,469
829,467
830,467
832,465
833,465
834,464
835,464
837,462
838,462
839,461
840,461
841,460
842,460
844,458
845,458
846,457
847,457
848,456
849,456
850,455
851,455
852,454
853,454
855,452
856,452
857,451
858,451
859,450
860,450
861,449
862,449
863,448
864,448
865,447
866,447
867,446
868,446
869,445
870,445
871,444
872,444
873,443
875,443
876,442
877,442
878,441
879,441
880,440
881,440
882,439
884,439
885,438
886,438
887,437
888,437
889,436
891,436
892,435
893,435
894,434
895,434
896,433
898,433
899,432
900,432
901,431
903,431
904,430
906,430
907,429
908,429
909,428
911,428
912,427
914,427
915,426
917,426
918,425
920,425
921,424
922,424
923,423
925,423
926,422
928,422
929,421
932,421
933,420
935,420
936,419
938,419
939,418
941,418
942,417
945,417
946,416
948,416
949,415
952,415
953,414
956,414
957,413
960,413
961,412
964,412
965,411
968,411
969,410
972,410
973,409
977,409
978,408
981,408
982,407
986,407
987,406
991,406
992,405
997,405
998,404
1002,404
1003,403
1009,403
1010,402
1015,402
1016,401
1022,401
1023,400
1030,400
1031,399
1040,399
1041,398
1050,398
1051,397
1065,397
1066,396
1131,396
1132,397
1145,397
1146,398
1156,398
1157,399
1165,399
1166,400
1173,400
1174,401
1180,401
1181,402
1187,402
1188,403
1193,403
1194,404
1199,404
1200,405
1204,405
1205,406
1209,406
1210,407
1214,407
1215,408
1218,408
1219,409
1223,409
1224,410
1227,410
1228,411
1231,411
1232,412
1235,412
1236,413
1239,413
1240,414
1243,414
1244,415
1247,415
1248,416
1250,416
1251,417
1254,417
1255,418
1257,418
1258,419
1260,419
1261,420
1264,420
1265,421
1267,421
1268,422
1270,422
1271,423
1273,423
1274,424
1276,424
1277,425
1279,425
1280,426
1281,426
1282,427
1284,427
1285,428
1287,428
1288,429
1290,429
1291,430
1292,430
1293,431
1295,431
1296,432
1297,432
1298,433
1300,433
1301,434
1302,434
1303,435
1305,435
1306,436
1307,436
1308,437
1309,437
1310,438
1312,438
1313,439
1314,439
1315,440
1316,440
1317,441
1318,441
1319,442
1321,442
1322,443
1323,443
1324,444
1325,444
1326,445
1327,445
1328,446
1329,446
1330,447
1331,447
1332,448
1333,448
1334,449
1335,449
1336,450
1337,450
1338,451
1339,451
1340,452
1341,452
1342,453
1343,453
1344,454
1345,454
1347,456
1348,456
1349,457
1350,457
1351,458
1352,458
1353,459
1354,459
1356,461
1357,461
1358,462
1359,462
1361,464
1362,464
1363,465
1364,465
1366,467
1367,467
1368,468
1369,468
1371,470
1372,470
1374,472
1375,472
1377,474
1378,474
1380,476
1381,476
1383,478
1384,478
1386,480
1387,480
1390,483
1391,483
1394,486
1395,486
1398,489
1399,489
1402,492
1403,492
1408,497
1409,497
1414,502
1415,502
1425,512
1426,512
1437,523
1437,524
1447,534
1447,535
1452,540
1452,541
1456,545
1456,546
1460,550
1460,551
1462,553
1462,554
1465,557
1465,558
1467,560
1467,561
1469,563
1469,564
1471,566
1471,567
1473,569
1473,570
1474,571
1474,572
1476,574
1476,575
1477,576
1477,577
1478,578
1478,579
1480,581
1480,582
1481,583
1481,584
1482,585
1482,586
1483,587
1483,588
1484,589
1484,590
1485,591
1485,592
1486,593
1486,594
1487,595
1487,596
1488,597
1488,599
1489,600
1489,601
1490,602
1490,603
1491,604
1491,606
1492,607
1492,608
1493,609
1493,611
1494,612
1494,614
1495,615
1495,617
1496,618
1496,619
1497,620
1497,623
1498,624
1498,626
1499,627
1499,630
1500,631
1500,633
1501,634
1501,637
1502,638
1502,642
1503,643
1503,647
1504,648
1504,653
1505,654
1505,660
1506,661
1506,671
1507,672
1507,700
1506,701
1506,710
1505,711
1505,717
1504,718
1504,723
1503,724
1503,728
1502,729
1502,733
1501,734
1501,737
1500,738
1500,740
1499,741
1499,744
1498,745
1498,747
1497,748
1497,750
1496,751
1496,753
1495,754
1495,756
1494,757
1494,759
1493,760
1493,762
1492,763
1492,764
1491,765
1491,767
1490,768
1490,769
1489,770
1489,771
1488,772
1488,774
1487,775
1487,776
1486,777
1486,778
1485,779
1485,780
1484,781
1484,782
1483,783
1483,784
1482,785
1482,786
1481,787
1481,788
1480,789
1480,790
1478,792
1478,793
1477,794
1477,795
1476,796
1476,797
1474,799
1474,800
1472,802
1472,803
1471,804
1471,805
1469,807
1469,808
1467,810
1467,811
1465,813
1465,814
1462,817
1462,818
1459,821
1459,822
1456,825
1456,826
1452,830
1452,831
1447,836
1447,837
1435,849
1435,850
1434,851
1433,851
1432,852
1432,853
1429,856
1428,856
1416,868
1415,868
1410,873
1409,873
1404,878
1403,878
1399,882
1398,882
1395,885
1394,885
1392,887
1391,887
1388,890
1387,890
1385,892
1384,892
1381,895
1380,895
1378,897
1377,897
1375,899
1374,899
1373,900
1372,900
1370,902
1369,902
1367,904
1366,904
1365,905
1364,905
1362,907
1361,907
1360,908
1359,908
1357,910
1356,910
1355,911
1354,911
1352,913
1351,913
1350,914
1349,914
1348,915
1347,915
1346,916
1345,916
1344,917
1343,917
1341,919
1340,919
1339,920
1338,920
1337,921
1336,921
1335,922
1334,922
1333,923
1332,923
1331,924
1330,924
1329,925
1328,925
1327,926
1325,926
1324,927
1323,927
1322,928
1321,928
1320,929
1319,929
1318,930
1317,930
1316,931
1315,931
1314,932
1312,932
1311,933
1310,933
1309,934
1308,934
1307,935
1305,935
1304,936
1303,936
1302,937
1300,937
1299,938
1298,938
1297,939
1295,939
1294,940
1293,940
1292,941
1290,941
1289,942
1287,942
1286,943
1285,943
1284,944
1282,944
1281,945
1279,945
1278,946
1276,946
1275,947
1273,947
1272,948
1270,948
1269,949
1267,949
1266,950
1264,950
1263,951
1261,951
1260,952
1258,952
1257,953
1254,953
1253,954
1251,954
1250,955
1247,955
1246,956
1243,956
1242,957
1240,957
1239,958
1236,958
1235,959
1232,959
1231,960
1228,960
1227,961
1223,961
1222,962
1219,962
1218,963
1214,963
1213,964
1209,964
1208,965
1204,965
1203,966
1199,966
1198,967
1193,967
1192,968
1187,968
1186,969
1180,969
1179,970
1173,970
1172,971
1164,971
1163,972
1155,972
1154,973
1144,973
1143,974
1128,974
1127,975
1073,975
1072,974
1056,974
1055,973
1044,973
1043,972
1035,972
1034,971
1025,971
1024,970
1017,970
1016,969
1011,969
1010,968
1004,968
1003,967
999,967
998,966
993,966
992,965
988,965
987,964
983,964
982,963
978,963
977,962
974,962
973,961
970,961
969,960
965,960
964,959
961,959
960,958
958,958
957,957
954,957
953,956
950,956
949,955
946,955
945,954
943,954
942,953
940,953
939,952
936,952
935,951
933,951
932,950
930,950
929,949
927,949
926,948
924,948
923,947
921,947
920,946
918,946
917,945
915,945
914,944
912,944
911,943
910,943
909,942
907,942
906,941
904,941
903,940
902,940
901,939
899,939
898,938
897,938
896,937
894,937
893,936
892,936
891,935
890,935
889,934
887,934
886,933
885,933
884,932
883,932
882,931
880,931
879,930
878,930
877,929
876,929
875,928
874,928
873,927
872,927
871,926
870,926
869,925
868,925
867,924
866,924
865,923
863,923
862,922
861,922
859,920
858,920
857,919
856,919
855,918
854,918
853,917
852,917
851,916
850,916
849,915
848,915
847,914
846,914
844,912
843,912
842,911
841,911
840,910
839,910
837,908
836,908
835,907
834,907
832,905
831,905
830,904
829,904
827,902
826,902
824,900
823,900
821,898
820,898
818,896
817,896
815,894
814,894
812,892
811,892
809,890
808,890
805,887
804,887
801,884
800,884
797,881
796,881
792,877
791,877
786,872
785,872
779,866
778,866
751,839
751,838
745,832
745,831
741,827
741,826
738,823
738,822
735,819
735,818
732,815
732,814
730,812
730,811
728,809
728,808
726,806
726,805
724,803
724,802
722,800
722,799
721,798
721,797
720,796
720,795
718,793
718,792
717,791
717,790
716,789
716,788
715,787
715,786
714,785
714,784
713,783
713,782
712,781
712,780
711,779
711,778
710,777
710,776
709,775
709,774
708,773
708,772
707,771
707,770
706,769
706,767
705,766
705,765
704,764
704,762
703,761
703,759
702,758
702,757
701,756
701,754
700,753
700,751
699,750
699,748
698,747
698,744
697,743
697,741
696,740
696,737
695,736
695,733
694,732
694,728
693,727
693,723
692,722
692,717
691,716
691,709
690,708
690,697
689,696
689,675
690,674
690,663
691,662
691,655
692,654
692,649
693,648
693,644
694,643
694,639
695,638
695,635
696,634
696,631
697,630
697,628
698,627
698,624
699,623
699,621
700,620
700,618
701,617
701,615
702,614
702,613
703,612
703,610
704,609
704,607
705,606
705,605
706,604
706,602
707,601
707,600
708,599
708,598
709,597
709,596
710,595
710,594
711,593
711,591
712,590
712,589
713,588
# contour 19
1225,366
1231,366
1232,367
1233,367
1237,371
1237,372
1238,373
1238,375
1239,376
1239,381
1238,382
1238,384
1237,385
1237,386
1232,391
1225,391
1224,390
1223,390
1220,387
1220,386
1219,385
1219,384
1218,383
1218,375
1219,374
1219,372
# contour 20
965,366
971,366
973,368
974,368
976,370
976,371
977,372
977,373
978,374
978,383
977,384
977,385
976,386
976,387
973,390
972,390
971,391
965,391
964,390
963,390
959,386
959,385
958,384
958,381
957,380
957,378
958,377
958,374
959,373
959,372
960,371
960,370
963,367
964,367
# contour 21
1224,362
1223,363
1222,363
1220,365
1219,365
1218,366
1218,367
1216,369
1216,370
1215,371
1215,373
1214,374
1214,384
1215,385
1215,386
1216,387
1216,388
1217,389
1217,390
1220,393
1221,393
1222,394
1223,394
1224,395
1227,395
1228,396
1229,396
1230,395
1233,395
1234,394
1235,394
1240,389
1240,388
1241,387
1241,386
1242,385
1242,383
1243,382
1243,376
1242,375
1242,372
1241,371
1241,370
1240,369
1240,368
1236,364
1235,364
1234,363
1233,363
1232,362
# contour 22
972,362
964,362
963,363
962,363
961,364
960,364
957,367
957,368
955,370
955,372
954,373
954,376
953,377
953,380
954,381
954,385
955,386
955,387
956,388
956,389
961,394
962,394
963,395
966,395
967,396
968,396
969,395
973,395
975,393
976,393
979,390
979,389
981,387
981,385
982,384
982,373
981,372
981,371
980,370
980,369
979,368
979,367
976,364
975,364
974,363
973,363
# contour 23
1396,227
1397,228
1398,228
1399,229
1400,229
1401,230
1402,230
1404,232
1405,232
1409,236
1410,236
1415,241
1415,242
1419,246
1419,247
1421,249
1421,250
1422,251
1422,252
1423,253
1423,254
1424,255
1424,257
1425,258
1425,262
1426,263
1426,268
1425,269
1425,273
1424,274
1424,276
1423,277
1423,278
1422,279
1422,280
1419,283
1419,284
1412,291
1411,291
1408,294
1407,294
1405,296
1404,296
1403,297
1402,297
1401,298
1400,298
1399,299
1398,299
1397,300
1396,300
1395,301
1394,301
1393,302
1392,302
1391,303
1389,303
1388,304
1387,304
1386,305
1384,305
1383,306
1381,306
1380,307
1378,307
1377,308
1374,308
1359,293
1358,293
1355,290
1355,286
1356,285
1356,283
1357,282
1357,280
1358,279
1358,277
1359,276
1359,274
1360,273
1360,271
1361,270
1361,269
1362,268
1362,266
1363,265
1363,264
1364,263
1364,262
1365,261
1365,259
1366,258
1366,257
1367,256
1367,255
1368,254
1368,253
1369,252
1369,251
1370,250
1370,249
1372,247
1372,246
1373,245
1373,244
1375,242
1375,241
1377,239
1377,238
1385,230
1386,230
1387,229
1388,229
1389,228
1390,228
1391,227
# contour 24
799,227
803,227
804,228
806,228
807,229
808,229
810,231
811,231
816,236
816,237
819,240
819,241
821,243
821,244
823,246
823,247
824,248
824,249
825,250
825,251
826,252
826,253
827,254
827,255
828,256
828,257
829,258
829,259
830,260
830,261
831,262
831,264
832,265
832,266
833,267
833,269
834,270
834,271
835,272
835,274
836,275
836,277
837,278
837,280
838,281
838,283
839,284
839,286
840,287
840,291
836,295
835,295
823,307
823,308
822,309
821,309
820,308
817,308
816,307
814,307
813,306
812,306
811,305
809,305
808,304
806,304
805,303
804,303
803,302
802,302
801,301
799,301
798,300
797,300
796,299
795,299
793,297
792,297
791,296
790,296
788,294
787,294
785,292
784,292
774,282
774,281
773,280
773,279
772,278
772,277
771,276
771,275
770,274
770,272
769,271
769,261
770,260
770,257
771,256
771,255
772,254
772,252
773,251
773,250
775,248
775,247
778,244
778,243
787,234
788,234
791,231
792,231
793,230
794,230
796,228
798,228
# contour 25
775,413
776,412
776,406
777,405
777,401
778,400
778,397
779,396
779,392
780,391
780,389
781,388
781,385
782,384
782,382
783,381
783,379
784,378
784,377
785,376
785,374
786,373
786,372
787,371
787,369
788,368
788,367
789,366
789,365
790,364
790,363
791,362
791,360
792,359
792,358
794,356
794,355
795,354
795,353
796,352
796,351
797,350
797,349
799,347
799,346
800,345
800,344
802,342
802,341
804,339
804,338
806,336
806,335
808,333
808,332
811,329
811,328
814,325
814,324
819,319
819,318
845,292
846,292
852,286
853,286
857,282
858,282
861,279
862,279
865,276
866,276
868,274
869,274
872,271
873,271
875,269
876,269
878,267
879,267
880,266
881,266
883,264
884,264
886,262
887,262
888,261
889,261
890,260
891,260
893,258
894,258
895,257
896,257
897,256
898,256
899,255
900,255
902,253
903,253
904,252
905,252
906,251
907,251
908,250
909,250
910,249
911,249
912,248
913,248
914,247
915,247
916,246
917,246
918,245
920,245
921,244
922,244
923,243
924,243
925,242
926,242
927,241
929,241
930,240
931,240
932,239
933,239
934,238
936,238
937,237
938,237
939,236
941,236
942,235
944,235
945,234
946,234
947,233
949,233
950,232
952,232
953,231
955,231
956,230
958,230
959,229
961,229
962,228
964,228
965,227
967,227
968,226
970,226
971,225
974,225
975,224
977,224
978,223
981,223
982,222
985,222
986,221
989,221
990,220
993,220
994,219
997,219
998,218
1001,218
1002,217
1006,217
1007,216
1011,216
1012,215
1017,215
1018,214
1023,214
1024,213
1029,213
1030,212
1036,212
1037,211
1044,211
1045,210
1053,210
1054,209
1065,209
1066,208
1088,208
1089,207
1107,207
1108,208
1130,208
1131,209
1142,209
1143,210
1151,210
1152,211
1159,211
1160,212
1166,212
1167,213
1173,213
1174,214
1179,214
1180,215
1184,215
1185,216
1189,216
1190,217
1194,217
1195,218
1198,218
1199,219
1203,219
1204,220
1207,220
1208,221
1211,221
1212,222
1214,222
1215,223
1218,223
1219,224
1222,224
1223,225
1225,225
1226,226
1228,226
1229,227
1231,227
1232,228
1235,228
1236,229
1238,229
1239,230
1241,230
1242,231
1243,231
1244,232
1246,232
1247,233
1249,233
1250,234
1252,234
1253,235
1254,235
1255,236
1257,236
1258,237
1259,237
1260,238
1262,238
1263,239
1264,239
1265,240
1267,240
1268,241
1269,241
1270,242
1271,242
1272,243
1273,243
1274,244
1276,244
1277,245
1278,245
1279,246
1280,246
1281,247
1282,247
1283,248
1284,248
1285,249
1286,249
1287,250
1288,250
1289,251
1290,251
1291,252
1292,252
1293,253
1294,253
1295,254
1296,254
1297,255
1298,255
1300,257
1301,257
1302,258
1303,258
1304,259
1305,259
1307,261
1308,261
1309,262
1310,262
1312,264
1313,264
1314,265
1315,265
1317,267
1318,267
1320,269
1321,269
1324,272
1325,272
1327,274
1328,274
1330,276
1331,276
1334,279
1335,279
1338,282
1339,282
1343,286
1344,286
1350,292
1351,292
1360,301
1361,301
1368,308
1368,309
1377,318
1377,319
1382,324
1382,325
1385,328
1385,329
1389,333
1389,334
1391,336
1391,337
1393,339
1393,340
1395,342
1395,343
1396,344
1396,345
1398,347
1398,348
1399,349
1399,350
1400,351
1400,352
1402,354
1402,355
1403,356
1403,357
1404,358
1404,359
1405,360
1405,361
1406,362
1406,363
1407,364
1407,365
1408,366
1408,368
1409,369
1409,370
1410,371
1410,373
1411,374
1411,375
1412,376
1412,378
1413,379
1413,381
1414,382
1414,384
1415,385
1415,387
1416,388
1416,391
1417,392
1417,395
1418,396
1418,399
1419,400
1419,404
1420,405
1420,411
1421,412
1421,420
1422,421
1422,444
1421,445
1421,453
1420,454
1420,459
1419,460
1419,465
1418,466
1418,469
1417,470
1417,473
1416,474
1416,476
1415,477
1415,480
1414,481
1414,483
1413,484
1413,486
1412,487
1412,488
1411,489
1411,491
1410,492
1409,492
1405,488
1404,488
1401,485
1400,485
1397,482
1396,482
1393,479
1392,479
1389,476
1388,476
1386,474
1385,474
1383,472
1382,472
1380,470
1379,470
1377,468
1376,468
1374,466
1373,466
1372,465
1371,465
1369,463
1368,463
1366,461
1365,461
1364,460
1363,460
1361,458
1360,458
1359,457
1358,457
1357,456
1356,456
1354,454
1353,454
1352,453
1351,453
1350,452
1349,452
1348,451
1347,451
1346,450
1345,450
1343,448
1342,448
1341,447
1340,447
1339,446
1338,446
1337,445
1336,445
1335,444
1334,444
1333,443
1332,443
1331,442
1330,442
1329,441
1328,441
1327,440
1325,440
1324,439
1323,439
1322,438
1321,438
1320,437
1319,437
1318,436
1317,436
1316,435
1314,435
1313,434
1312,434
1311,433
1310,433
1309,432
1307,432
1306,431
1305,431
1304,430
1302,430
1301,429
1300,429
1299,428
1297,428
1296,427
1295,427
1294,426
1292,426
1291,425
1289,425
1288,424
1287,424
1286,423
1284,423
1283,422
1281,422
1280,421
1278,421
1277,420
1275,420
1274,419
1272,419
1271,418
1269,418
1268,417
1266,417
1265,416
1263,416
1262,415
1260,415
1259,414
1256,414
1255,413
1253,413
1252,412
1249,412
1248,411
1246,411
1245,410
1242,410
1241,409
1238,409
1237,408
1234,408
1233,407
1230,407
1229,406
1226,406
1225,405
1221,405
1220,404
1217,404
1216,403
1212,403
1211,402
1207,402
1206,401
1202,401
1201,400
1196,400
1195,399
1190,399
1189,398
1183,398
1182,397
1176,397
1175,396
1168,396
1167,395
1160,395
1159,394
1149,394
1148,393
1136,393
1135,392
1112,392
1111,391
1085,391
1084,392
1062,392
1061,393
1048,393
1047,394
1038,394
1037,395
1029,395
1028,396
1021,396
1020,397
1014,397
1013,398
1007,398
1006,399
1001,399
1000,400
996,400
995,401
990,401
989,402
985,402
984,403
981,403
980,404
976,404
975,405
971,405
970,406
967,406
966,407
963,407
962,408
959,408
958,409
955,409
954,410
951,410
950,411
948,411
947,412
944,412
943,413
941,413
940,414
937,414
936,415
934,415
933,416
931,416
930,417
928,417
927,418
925,418
924,419
922,419
921,420
919,420
918,421
916,421
915,422
913,422
912,423
910,423
909,424
908,424
907,425
905,425
904,426
902,426
901,427
900,427
899,428
897,428
896,429
895,429
894,430
892,430
891,431
890,431
889,432
888,432
887,433
885,433
884,434
883,434
882,435
881,435
880,436
878,436
877,437
876,437
875,438
874,438
873,439
872,439
871,440
870,440
869,441
868,441
867,442
865,442
864,443
863,443
862,444
861,444
860,445
859,445
857,447
856,447
855,448
854,448
853,449
852,449
851,450
850,450
849,451
848,451
847,452
846,452
845,453
844,453
842,455
841,455
840,456
839,456
838,457
837,457
835,459
834,459
833,460
832,460
830,462
829,462
828,463
827,463
825,465
824,465
822,467
821,467
820,468
819,468
817,470
816,470
814,472
813,472
810,475
809,475
807,477
806,477
804,479
803,479
800,482
799,482
796,485
795,485
791,489
790,489
787,492
785,490
785,489
784,488
784,486
783,485
783,483
782,482
782,480
781,479
781,477
780,476
780,473
779,472
779,469
778,468
778,465
777,464
777,459
776,458
776,453
775,452
775,442
774,441
774,424
775,423
# contour 26
1380,177
1393,177
1394,178
1399,178
1400,179
1403,179
1404,180
1406,180
1407,181
1409,181
1410,182
1412,182
1413,183
1414,183
1415,184
1416,184
1417,185
1418,185
1419,186
1420,186
1421,187
1422,187
1423,188
1424,188
1425,189
1426,189
1428,191
1429,191
1431,193
1432,193
1434,195
1435,195
1439,199
1440,199
1454,213
1454,214
1457,217
1457,218
1460,221
1460,222
1461,223
1461,224
1463,226
1463,227
1464,228
1464,229
1465,230
1465,231
1466,232
1466,233
1467,234
1467,236
1468,237
1468,238
1469,239
1469,241
1470,242
1470,245
1471,246
1471,250
1472,251
1472,269
1471,270
1471,274
1470,275
1470,278
1469,279
1469,281
1468,282
1468,283
1467,284
1467,286
1466,287
1466,288
1464,290
1464,291
1463,292
1463,293
1460,296
1460,297
1451,306
1450,306
1447,309
1446,309
1444,311
1443,311
1442,312
1441,312
1439,314
1438,314
1437,315
1436,315
1435,316
1434,316
1433,317
1431,317
1430,318
1429,318
1428,319
1426,319
1425,320
1423,320
1422,321
1420,321
1419,322
1416,322
1415,323
1412,323
1411,324
1407,324
1406,325
1400,325
1399,326
1389,326
1386,323
1386,322
1382,318
1382,317
1378,313
1380,311
1382,311
1383,310
1385,310
1386,309
1388,309
1389,308
1390,308
1391,307
1392,307
1393,306
1395,306
1396,305
1397,305
1398,304
1399,304
1400,303
1401,303
1402,302
1403,302
1404,301
1405,301
1407,299
1408,299
1410,297
1411,297
1413,295
1414,295
1423,286
1423,285
1425,283
1425,282
1426,281
1426,280
1427,279
1427,278
1428,277
1428,276
1429,275
1429,271
1430,270
1430,261
1429,260
1429,257
1428,256
1428,254
1427,253
1427,251
1426,250
1426,249
1424,247
1424,246
1423,245
1423,244
1420,241
1420,240
1411,231
1410,231
1407,228
1406,228
1404,226
1403,226
1402,225
1401,225
1400,224
1398,224
1397,223
1390,223
1389,224
1387,224
1386,225
1385,225
1384,226
1383,226
1373,236
1373,237
1371,239
1371,240
1369,242
1369,243
1368,244
1368,245
1366,247
1366,248
1365,249
1365,250
1364,251
1364,252
1363,253
1363,254
1362,255
1362,257
1361,258
1361,259
1360,260
1360,261
1359,262
1359,264
1358,265
1358,266
1357,267
1357,269
1356,270
1356,272
1355,273
1355,274
1354,275
1354,277
1353,278
1353,280
1352,281
1352,283
1351,284
1351,285
1350,286
1346,282
1345,282
1341,278
1340,278
1337,275
1336,275
1333,272
1332,272
1330,270
1330,266
1331,265
1331,259
1332,258
1332,253
1333,252
1333,248
1334,247
1334,243
1335,242
1335,239
1336,238
1336,235
1337,234
1337,231
1338,230
1338,228
1339,227
1339,225
1340,224
1340,222
1341,221
1341,219
1342,218
1342,216
1343,215
1343,214
1344,213
1344,212
1345,211
1345,209
1346,208
1346,207
1347,206
1347,205
1349,203
1349,202
1350,201
1350,200
1352,198
1352,197
1354,195
1354,194
1365,183
1366,183
1368,181
1369,181
1370,180
1371,180
1372,179
1375,179
1376,178
1379,178
# contour 27
815,177
816,178
819,178
820,179
822,179
823,180
824,180
825,181
826,181
827,182
828,182
830,184
831,184
840,193
840,194
842,196
842,197
844,199
844,200
846,202
846,203
847,204
847,205
848,206
848,207
849,208
849,209
850,210
850,211
851,212
851,214
852,215
852,216
853,217
853,219
854,220
854,222
855,223
855,225
856,226
856,228
857,229
857,231
858,232
858,235
859,236
859,239
860,240
860,244
861,245
861,248
862,249
862,254
863,255
863,260
864,261
864,268
865,269
865,271
864,272
863,272
860,275
859,275
856,278
855,278
852,281
851,281
846,286
844,286
843,285
843,282
842,281
842,279
841,278
841,276
840,275
840,273
839,272
839,271
838,270
838,268
837,267
837,265
836,264
836,263
835,262
835,261
834,260
834,258
833,257
833,256
832,255
832,254
831,253
831,252
830,251
830,250
829,249
829,248
828,247
828,246
826,244
826,243
825,242
825,241
823,239
823,238
820,235
820,234
813,227
812,227
810,225
809,225
808,224
806,224
805,223
797,223
796,224
795,224
794,225
793,225
792,226
791,226
790,227
789,227
786,230
785,230
773,242
773,243
771,245
771,246
770,247
770,248
769,249
769,250
768,251
768,252
767,253
767,255
766,256
766,258
765,259
765,272
766,273
766,276
767,277
767,278
768,279
768,280
769,281
769,282
771,284
771,285
774,288
774,289
776,291
777,291
782,296
783,296
785,298
786,298
788,300
789,300
790,301
791,301
792,302
793,302
794,303
795,303
796,304
797,304
798,305
799,305
800,306
801,306
802,307
804,307
805,308
806,308
807,309
809,309
810,310
812,310
813,311
815,311
816,312
817,312
818,313
814,317
814,318
810,322
810,323
807,326
795,326
794,325
789,325
788,324
784,324
783,323
780,323
779,322
776,322
775,321
773,321
772,320
770,320
769,319
767,319
766,318
764,318
763,317
762,317
761,316
760,316
759,315
758,315
757,314
756,314
755,313
754,313
752,311
751,311
750,310
749,310
746,307
745,307
734,296
734,295
731,292
731,291
730,290
730,289
729,288
729,287
728,286
728,285
727,284
727,283
726,282
726,280
725,279
725,277
724,276
724,272
723,271
723,264
722,263
722,258
723,257
723,249
724,248
724,245
725,244
725,241
726,240
726,238
727,237
727,236
728,235
728,234
729,233
729,231
730,230
730,229
732,227
732,226
733,225
733,224
735,222
735,221
737,219
737,218
740,215
740,214
756,198
757,198
761,194
762,194
764,192
765,192
767,190
768,190
769,189
770,189
771,188
772,188
774,186
775,186
776,185
777,185
778,184
780,184
781,183
782,183
783,182
785,182
786,181
788,181
789,180
791,180
792,179
795,179
796,178
800,178
801,177
# contour 28
1457,210
1443,196
1442,196
1438,192
1437,192
1429,186
1426,185
1424,183
1420,181
1418,181
1413,178
1411,178
1410,177
1408,177
1404,175
1401,175
1400,174
1395,174
1394,173
1379,173
1378,174
1371,175
1365,178
1359,183
1358,183
1350,192
1347,198
1345,200
1340,210
1340,212
1338,215
1338,217
1337,218
1337,220
1336,221
1336,223
1335,224
1335,226
1333,230
1333,233
1332,234
1332,237
1331,238
1331,241
1330,242
1330,246
1329,247
1329,251
1328,252
1328,257
1327,258
1327,264
1325,267
1318,262
1315,261
1313,259
1305,255
1303,253
1275,239
1273,239
1261,233
1256,232
1253,230
1251,230
1250,229
1245,228
1242,226
1240,226
1239,225
1236,225
1235,224
1233,224
1232,223
1230,223
1226,221
1223,221
1219,219
1216,219
1215,218
1212,218
1211,217
1208,217
1207,216
1204,216
1203,215
1200,215
1199,214
1196,214
1195,213
1191,213
1190,212
1186,212
1185,211
1180,211
1179,210
1174,210
1173,209
1168,209
1167,208
1161,208
1160,207
1153,207
1152,206
1144,206
1143,205
1132,205
1131,204
1110,204
1109,203
1087,203
1086,204
1066,204
1065,205
1054,205
1053,206
1044,206
1043,207
1036,207
1035,208
1029,208
1028,209
1023,209
1022,210
1017,210
1016,211
1012,211
1011,212
1007,212
1006,213
997,214
996,215
993,215
992,216
989,216
988,217
985,217
984,218
977,219
973,221
970,221
969,222
967,222
966,223
964,223
963,224
961,224
960,225
958,225
957,226
955,226
954,227
952,227
951,228
949,228
948,229
943,230
940,232
938,232
935,234
933,234
930,236
928,236
921,240
919,240
895,252
893,254
888,256
886,258
883,259
881,261
878,262
876,264
875,264
873,266
869,268
868,267
868,260
867,259
867,254
866,253
866,249
865,248
865,244
864,243
864,239
863,238
863,235
861,231
861,228
860,227
860,225
859,224
859,222
858,221
857,216
855,213
855,211
849,199
847,197
846,194
843,191
843,190
834,181
833,181
828,177
826,176
824,176
823,175
821,175
820,174
816,174
815,173
801,173
800,174
795,174
794,175
791,175
790,176
788,176
787,177
785,177
784,178
779,179
769,184
767,186
764,187
762,189
758,191
755,194
754,194
742,205
742,206
733,216
733,217
731,219
730,222
728,224
724,232
724,234
721,240
721,243
720,244
720,248
719,249
719,255
718,256
718,264
719,265
719,272
720,273
720,277
721,278
722,283
724,286
724,288
727,292
730,298
742,310
743,310
749,315
763,322
765,322
766,323
768,323
769,324
771,324
775,326
782,327
783,328
787,328
788,329
794,329
795,330
803,330
804,331
800,336
799,339
797,341
793,349
791,351
785,363
785,365
782,370
781,375
779,378
779,380
777,384
777,387
776,388
776,391
775,392
775,395
774,396
774,399
773,400
772,411
771,412
771,422
770,423
770,442
771,443
771,447
770,448
768,447
759,447
758,446
746,446
745,445
720,445
719,444
698,444
697,445
673,445
672,446
659,446
658,447
649,447
648,448
640,448
639,449
632,449
631,450
625,450
624,451
619,451
618,452
607,453
606,454
602,454
601,455
598,455
597,456
593,456
592,457
589,457
588,458
584,458
583,459
580,459
576,461
569,462
568,463
566,463
562,465
559,465
558,466
556,466
555,467
553,467
552,468
547,469
544,471
539,472
536,474
534,474
531,476
529,476
524,479
522,479
496,492
494,494
486,498
484,500
483,500
481,502
480,502
478,504
477,504
475,506
471,508
463,515
462,515
459,518
458,518
447,528
446,528
438,536
437,536
412,561
412,562
405,569
398,569
397,568
382,568
381,567
374,567
373,566
362,565
361,564
358,564
357,563
354,563
353,562
351,562
350,561
345,560
337,556
331,551
330,551
325,546
324,546
315,537
315,536
295,516
294,516
291,513
287,511
285,511
284,510
275,510
271,512
266,517
264,521
264,523
263,524
263,527
262,528
262,544
263,545
263,550
264,551
264,555
265,556
265,559
267,563
267,566
269,569
269,571
272,577
272,579
281,597
283,599
284,602
286,604
286,605
288,607
290,611
296,618
296,619
315,639
316,639
326,648
327,648
338,656
345,659
347,661
345,665
345,667
343,670
343,672
341,675
340,680
338,683
338,685
337,686
337,688
335,692
335,695
333,699
333,702
331,706
331,709
330,710
329,717
328,718
328,722
327,723
327,727
326,728
326,733
325,734
325,739
324,740
324,746
323,747
323,756
322,757
322,772
321,773
321,789
322,790
322,805
323,806
323,814
324,815
324,821
325,822
325,827
326,828
326,834
327,835
327,840
328,841
328,846
329,847
329,852
330,853
331,864
332,865
332,869
333,870
333,875
334,876
334,881
335,882
336,893
337,894
337,898
338,899
338,904
339,905
339,910
340,911
340,915
341,916
341,921
342,922
342,927
343,928
343,932
344,933
344,938
345,939
346,950
347,951
347,955
348,956
348,961
349,962
350,973
351,974
351,978
352,979
352,984
353,985
353,990
354,991
354,996
355,997
355,1002
356,1003
356,1008
357,1009
357,1014
358,1015
358,1021
359,1022
359,1027
360,1028
360,1034
361,1035
361,1040
362,1041
362,1047
363,1048
363,1055
364,1056
364,1062
365,1063
365,1071
366,1072
366,1081
367,1082
367,1105
370,1111
378,1118
388,1123
390,1123
393,1125
395,1125
399,1127
402,1127
406,1129
409,1129
410,1130
413,1130
414,1131
417,1131
418,1132
422,1132
423,1133
432,1134
433,1135
438,1135
439,1136
445,1136
446,1137
453,1137
454,1138
462,1138
463,1139
472,1139
473,1140
485,1140
486,1141
512,1141
513,1142
528,1142
529,1141
551,1141
552,1140
562,1140
563,1139
570,1139
571,1138
577,1138
578,1137
583,1137
584,1136
587,1136
588,1135
592,1135
596,1133
599,1133
600,1132
602,1132
605,1130
607,1130
615,1126
622,1120
622,1119
627,1113
629,1108
631,1106
635,1106
636,1107
645,1107
646,1108
657,1108
658,1109
689,1109
690,1108
694,1108
698,1106
701,1102
701,1099
702,1098
702,1091
703,1090
703,1065
702,1064
702,1047
701,1046
701,1035
700,1034
700,1025
701,1024
712,1024
713,1025
731,1025
732,1024
745,1024
746,1023
753,1023
754,1022
759,1022
760,1021
762,1021
763,1022
763,1025
764,1026
764,1043
765,1044
765,1055
766,1056
766,1065
767,1066
768,1079
769,1080
769,1085
770,1086
770,1091
771,1092
771,1095
772,1096
772,1100
774,1104
774,1107
775,1108
776,1113
782,1125
788,1131
789,1131
793,1134
795,1134
801,1137
804,1137
805,1138
808,1138
809,1139
812,1139
813,1140
824,1141
825,1142
833,1142
834,1143
844,1143
845,1144
861,1144
862,1145
918,1145
919,1144
939,1144
940,1143
954,1143
955,1142
966,1142
967,1141
976,1141
977,1140
985,1140
986,1139
999,1138
1000,1137
1004,1137
1005,1136
1009,1136
1010,1135
1017,1134
1024,1130
1026,1126
1026,1124
1028,1121
1031,1121
1032,1122
1040,1122
1041,1123
1062,1123
1063,1124
1065,1124
1066,1123
1084,1123
1085,1122
1091,1122
1092,1121
1096,1121
1097,1120
1100,1120
1101,1119
1106,1118
1117,1112
1121,1108
1122,1106
1122,1103
1123,1102
1123,1095
1124,1094
1124,1068
1123,1067
1123,1050
1122,1049
1122,1037
1121,1036
1121,1025
1120,1024
1120,1014
1119,1013
1118,994
1117,993
1117,985
1116,984
1116,980
1117,979
1128,979
1129,978
1143,978
1144,977
1155,977
1156,976
1164,976
1165,975
1180,974
1181,973
1186,973
1187,972
1193,972
1194,971
1198,971
1199,970
1204,970
1205,969
1214,968
1215,967
1218,967
1219,966
1223,966
1224,965
1227,965
1228,964
1232,964
1233,963
1240,962
1244,960
1251,959
1252,958
1254,958
1258,956
1261,956
1262,955
1264,955
1265,954
1267,954
1268,953
1270,953
1271,952
1273,952
1274,951
1276,951
1277,950
1279,950
1280,949
1282,949
1283,948
1288,947
1291,945
1293,945
1296,943
1298,943
1306,939
1308,939
1313,936
1315,936
1322,932
1324,932
1348,920
1350,918
1357,915
1359,913
1367,909
1372,905
1375,904
1377,902
1378,902
1380,900
1381,900
1383,898
1387,896
1390,893
1391,893
1401,885
1402,885
1411,877
1412,877
1428,862
1429,862
1450,840
1450,839
1455,834
1455,833
1459,829
1459,828
1463,824
1465,820
1468,817
1468,816
1476,805
1477,802
1479,800
1481,795
1483,793
1492,775
1492,773
1495,768
1495,766
1497,763
1497,761
1498,760
1498,758
1499,757
1499,755
1500,754
1500,752
1501,751
1501,749
1503,745
1503,742
1504,741
1504,738
1505,737
1505,734
1506,733
1506,730
1507,729
1507,725
1508,724
1508,719
1509,718
1509,711
1510,710
1510,701
1511,700
1511,671
1510,670
1510,660
1509,659
1509,653
1508,652
1508,647
1507,646
1507,642
1506,641
1506,638
1505,637
1505,633
1503,629
1503,626
1502,625
1502,623
1501,622
1501,620
1500,619
1500,617
1499,616
1499,614
1498,613
1497,608
1493,600
1493,598
1482,576
1480,574
1476,566
1474,564
1474,563
1472,561
1472,560
1470,558
1470,557
1468,555
1466,551
1460,544
1460,543
1451,533
1451,532
1443,524
1443,523
1427,507
1426,507
1418,499
1417,499
1414,496
1414,493
1417,487
1417,485
1419,481
1419,478
1421,474
1421,471
1422,470
1422,466
1423,465
1423,461
1424,460
1424,455
1425,454
1425,446
1426,445
1426,421
1425,420
1425,411
1424,410
1424,404
1423,403
1423,399
1422,398
1422,395
1421,394
1420,387
1419,386
1419,384
1418,383
1418,381
1417,380
1416,375
1412,367
1412,365
1404,349
1402,347
1400,342
1392,331
1393,330
1400,330
1401,329
1412,328
1413,327
1420,326
1421,325
1423,325
1424,324
1429,323
1432,321
1434,321
1444,316
1446,314
1450,312
1453,309
1454,309
1463,300
1463,299
1468,293
1472,285
1472,283
1474,279
1474,276
1475,275
1475,271
1476,270
1476,251
1475,250
1475,245
1474,244
1474,242
1473,241
1473,238
1471,235
1471,233
1466,223
1464,221
1463,218
1460,215
1460,214
1457,211
