# contour 0
68,642
68,643
66,643
65,643
62,643
62,644
58,644
54,644
53,644
49,644
49,645
44,645
39,645
39,646
31,646
21,646
18,646
18,645
16,645
15,644
15,643
14,642
14,641
13,641
13,640
13,639
12,639
12,638
12,637
12,636
# contour 1
129,721
128,721
127,721
126,722
125,722
123,722
123,723
121,723
120,723
119,723
118,723
117,722
117,721
116,721
116,720
116,719
116,718
115,717
115,716
115,715
114,715
114,714
114,713
114,712
113,712
113,711
113,710
113,709
112,709
112,708
112,707
112,706
112,705
111,705
111,704
111,703
111,702
110,702
110,701
110,700
110,699
109,698
109,697
109,696
109,694
109,693
109,691
109,689
109,688
111,687
112,687
112,686
113,686
114,685
115,685
116,684
117,684
118,684
119,684
119,683
121,683
121,684
121,685
122,686
122,688
122,690
123,690
123,692
123,694
123,696
124,696
124,698
124,700
125,700
125,701
125,702
125,703
126,703
126,705
126,706
126,707
127,708
127,709
127,710
128,711
128,712
128,713
128,714
129,715
129,716
129,717
130,717
130,718
130,719
130,720
130,721
# contour 2
123,651
124,651
124,658
124,664
125,664
125,668
125,672
126,672
126,675
126,676
126,678
126,679
126,681
127,681
127,684
127,686
128,686
128,688
128,690
128,691
128,692
129,693
129,694
129,695
129,696
130,697
130,698
130,700
130,701
131,702
131,703
131,705
132,705
132,706
132,707
133,708
133,709
133,710
133,711
134,712
134,713
134,714
135,714
135,715
135,716
135,717
136,718
136,719
137,720
137,721
137,722
137,723
138,723
138,724
138,725
139,725
139,726
140,727
140,728
140,729
141,730
141,731
142,731
142,732
142,733
143,734
143,735
144,735
144,736
144,737
145,737
145,738
145,739
146,740
147,740
147,741
147,742
148,743
149,744
150,745
150,746
151,747
152,748
152,749
153,750
155,752
158,755
158,756
162,760
165,762
167,764
168,765
169,765
170,765
170,766
170,767
170,768
170,769
169,770
168,769
167,768
166,767
165,767
164,767
163,765
160,763
153,756
151,753
149,752
149,751
148,750
147,749
147,748
146,747
145,746
144,745
144,744
144,743
143,743
143,742
142,742
142,741
142,740
141,740
141,739
141,738
140,738
140,737
139,736
139,735
138,734
138,733
137,733
137,732
137,731
137,730
136,730
136,729
136,728
135,728
135,727
135,726
134,725
134,724
134,723
133,723
133,722
133,721
133,720
132,720
132,719
132,718
131,718
131,717
131,716
130,715
130,714
130,713
130,712
129,711
129,710
129,709
128,709
128,707
128,706
128,705
127,704
127,703
127,702
127,701
126,701
126,700
126,699
126,698
126,696
125,695
125,694
125,693
125,692
124,692
124,690
124,689
124,688
123,687
123,685
123,683
123,682
123,680
122,679
122,677
122,674
121,673
121,670
121,666
121,665
121,660
120,660
120,654
120,653
120,640
119,640
# contour 3
174,761
174,762
175,762
175,763
175,769
175,770
174,770
174,771
174,772
174,773
173,774
170,777
168,777
167,776
167,774
170,772
170,771
170,770
171,770
171,769
171,768
172,768
172,763
172,762
173,762
173,761
# contour 4
118,642
118,654
119,654
119,661
119,666
119,670
120,670
120,674
120,677
121,677
121,680
121,681
120,681
119,681
118,682
117,682
116,682
116,683
115,683
114,683
114,684
113,684
112,684
111,685
108,687
108,688
107,689
107,690
107,694
107,695
107,697
108,698
108,699
108,700
108,701
109,701
109,702
109,703
109,704
109,705
110,706
110,707
110,708
111,709
111,710
111,711
112,711
112,712
112,713
112,714
113,715
113,716
113,717
114,717
114,718
114,719
114,720
115,721
115,722
116,723
117,724
118,724
118,725
121,725
122,724
124,724
126,724
126,723
127,723
128,723
129,723
130,723
130,722
131,722
132,723
132,724
133,725
133,726
133,727
133,728
134,728
134,729
135,730
135,731
135,732
136,733
136,734
137,734
137,735
137,736
138,737
138,738
139,739
140,740
140,741
140,742
141,742
141,743
142,743
142,744
142,745
143,746
144,747
145,748
145,749
146,749
146,750
147,751
148,752
148,753
149,754
149,755
151,757
159,765
161,767
162,767
163,768
165,769
166,770
167,770
168,771
167,772
166,772
166,773
166,774
165,774
165,776
166,777
167,778
168,779
170,779
170,778
171,778
172,778
174,775
175,774
175,773
176,772
176,771
177,770
177,769
177,762
177,761
176,760
175,760
174,760
173,760
172,760
170,761
170,762
170,763
169,763
168,762
167,762
166,760
165,760
163,758
162,758
159,755
159,754
156,751
154,749
153,747
152,746
152,745
151,744
150,743
149,742
149,741
149,740
148,740
148,739
147,739
147,738
147,737
146,737
146,736
146,735
145,735
144,734
144,733
144,732
143,731
143,730
142,730
142,729
142,728
142,727
141,727
141,726
140,725
140,724
140,723
139,722
139,721
138,720
138,719
137,718
137,717
137,716
137,715
136,714
136,713
136,712
135,712
135,711
135,710
135,709
134,708
134,707
134,706
133,705
133,704
133,703
133,702
133,701
132,701
132,700
132,699
132,698
131,698
131,696
131,694
130,694
130,693
130,692
130,691
130,690
130,688
129,688
129,686
129,684
128,683
128,681
128,678
128,675
127,675
127,672
127,671
127,668
126,667
126,663
126,658
126,650
125,650
# contour 5
241,751
241,752
239,754
238,754
238,755
237,755
236,755
236,756
234,756
233,755
232,755
229,752
229,751
228,751
228,750
228,749
227,749
227,748
227,747
228,747
229,745
230,745
230,744
231,744
232,744
233,743
234,743
235,742
236,743
237,744
239,745
240,747
240,748
241,748
241,749
# contour 6
242,753
242,752
243,752
243,749
242,749
242,748
242,747
242,746
241,745
241,744
238,742
237,742
237,741
236,741
234,741
233,741
233,742
232,742
231,742
230,742
230,743
229,744
228,744
227,745
226,746
225,746
225,747
225,748
226,749
226,750
226,751
227,751
227,752
227,753
228,753
228,754
230,756
231,756
232,757
233,757
236,757
237,757
238,757
238,756
239,756
240,756
241,755
242,754
# contour 7
256,747
256,754
256,756
256,757
255,757
255,758
254,759
254,760
253,761
252,763
248,767
247,767
246,768
245,768
245,769
244,769
243,770
242,770
241,770
240,770
240,771
238,771
234,771
233,771
232,771
231,770
230,770
229,770
228,770
228,769
227,769
226,768
225,767
224,767
222,765
222,764
221,763
220,762
220,761
219,761
219,760
219,759
218,758
218,757
217,756
217,755
217,754
216,753
216,752
216,751
217,750
219,750
220,751
220,753
221,753
221,754
221,755
221,756
222,757
222,758
223,759
223,760
224,761
224,762
227,765
228,765
229,765
229,766
230,766
231,766
231,767
232,767
233,767
235,767
236,767
239,767
240,767
241,766
242,766
243,765
244,765
245,764
246,764
249,760
250,759
250,758
251,758
251,757
251,756
252,756
252,755
252,753
253,753
253,748
252,748
252,747
252,746
251,745
251,744
251,743
250,742
249,741
249,740
247,738
246,737
245,737
243,735
242,733
241,733
240,732
240,731
241,730
242,730
243,730
244,730
245,732
246,732
251,737
251,738
253,739
253,740
253,741
254,741
254,742
255,743
255,744
256,744
256,745
256,746
256,747
# contour 8
258,747
258,746
257,745
257,744
257,743
256,743
256,742
256,741
255,740
255,739
254,738
253,737
253,736
247,730
246,730
245,729
244,728
243,728
241,728
240,728
239,730
239,733
239,734
240,735
242,736
248,742
249,743
249,744
250,745
250,746
250,747
251,747
251,748
251,749
251,753
251,754
250,755
250,756
249,756
249,757
249,758
248,759
244,763
243,763
242,764
241,765
240,765
239,765
233,765
232,765
231,765
230,765
230,764
228,763
226,760
225,759
224,758
224,757
223,757
223,756
223,755
223,754
222,754
222,753
222,752
222,751
221,751
221,750
220,749
219,748
217,748
216,749
215,750
215,751
214,751
214,752
215,753
215,754
215,756
216,756
216,757
216,758
216,759
217,759
217,760
218,761
218,762
219,763
219,764
221,765
221,766
223,768
225,770
226,770
227,771
228,771
229,772
230,772
231,772
233,772
233,773
238,773
238,772
240,772
241,772
242,772
243,772
243,771
244,771
245,771
245,770
246,770
247,770
247,769
248,769
249,768
253,764
254,763
254,762
255,761
256,760
256,759
256,758
257,758
257,757
257,756
258,756
258,755
258,754
# contour 9
308,651
308,656
307,657
307,661
307,665
307,668
306,668
306,671
306,674
305,674
305,676
305,677
305,679
305,681
304,681
304,683
304,685
303,685
303,686
303,687
303,688
302,689
302,690
302,691
302,692
302,693
301,694
301,695
301,697
300,697
300,698
300,699
300,700
300,701
299,702
299,703
299,704
298,704
298,705
298,706
298,707
298,708
297,708
297,709
297,710
296,711
296,712
295,713
295,714
295,715
295,716
294,716
294,717
294,718
293,719
293,720
293,721
292,721
292,722
292,723
291,723
291,724
291,725
291,726
290,726
290,727
290,728
289,728
289,729
289,730
288,730
288,731
288,732
287,733
287,734
286,734
286,735
286,736
285,737
285,738
284,738
284,739
284,740
283,740
283,741
283,742
282,742
281,743
281,744
280,745
280,746
280,747
279,747
279,748
279,749
278,749
278,750
277,751
276,752
275,753
274,754
274,755
274,756
272,757
272,758
271,759
270,760
270,761
269,762
269,763
267,765
265,767
260,772
256,777
251,781
249,783
247,784
245,786
244,786
244,787
243,787
242,788
241,789
240,789
240,790
239,790
238,791
237,791
236,792
235,793
234,793
233,793
232,794
231,795
230,795
229,795
229,796
228,796
227,797
226,797
226,798
225,798
224,798
223,798
223,799
222,799
221,799
221,800
220,800
219,800
218,800
217,800
217,801
216,801
215,801
214,802
213,802
212,802
211,802
210,803
209,803
207,803
207,804
205,804
202,804
202,805
200,805
199,805
195,805
183,805
179,805
176,805
176,804
174,804
173,804
172,804
171,803
170,803
169,803
168,803
167,802
166,802
165,802
164,802
163,801
162,801
161,801
161,800
160,800
159,800
158,800
157,799
156,799
155,798
154,798
153,798
152,797
151,797
151,796
150,796
149,796
149,795
148,795
147,795
147,794
146,794
145,793
144,793
143,793
142,792
141,791
140,791
139,790
138,789
137,789
137,788
136,788
135,787
133,786
132,784
131,784
130,783
129,783
127,781
122,776
121,776
121,775
121,774
120,774
119,773
114,768
114,767
112,765
110,763
108,761
108,760
107,759
106,758
105,756
104,755
103,753
102,752
101,751
101,750
100,749
99,748
99,747
98,746
98,745
98,744
97,744
97,743
96,743
96,742
95,742
95,741
95,740
94,739
94,738
93,737
93,736
92,735
92,734
91,734
91,733
91,732
90,731
90,730
89,729
89,728
88,728
88,727
88,726
88,725
87,725
87,724
87,723
86,723
86,722
86,721
86,720
85,720
85,719
85,718
84,718
84,717
84,716
84,715
83,714
83,713
82,712
82,711
82,710
81,710
81,709
81,708
81,707
80,706
80,705
80,704
79,704
79,703
79,702
79,701
79,700
78,700
78,698
78,697
77,696
77,695
77,694
77,693
77,692
76,692
76,691
76,690
76,688
75,688
75,687
75,686
75,685
74,684
74,683
74,682
74,681
74,680
74,679
73,678
73,676
73,674
72,673
72,671
72,670
72,668
72,667
72,664
71,664
71,660
71,656
70,656
70,649
# contour 10
321,689
321,692
320,692
320,693
319,694
318,694
318,695
317,695
316,695
314,695
313,695
313,694
312,694
310,692
310,689
311,689
311,688
312,687
313,687
314,686
317,686
317,687
318,687
# contour 11
322,689
322,688
321,687
321,686
320,686
319,686
319,685
318,685
317,685
313,685
312,685
312,686
311,686
309,687
309,688
309,689
309,690
308,691
309,691
309,693
311,695
312,695
312,696
313,696
314,696
314,697
316,697
317,696
318,696
319,696
319,695
320,695
321,694
321,693
322,693
322,692
# contour 12
378,760
377,760
377,761
377,762
376,763
374,765
372,767
370,769
369,770
368,770
367,770
367,771
366,771
365,771
365,772
363,772
361,772
360,772
359,772
358,771
357,771
356,770
355,769
354,769
351,766
350,765
350,764
349,763
349,762
349,761
348,761
348,760
347,759
347,758
347,757
346,756
346,755
345,754
345,753
345,752
344,752
344,751
351,744
352,743
353,743
354,743
355,743
355,744
356,744
357,744
358,744
359,745
360,745
361,746
362,746
363,746
363,747
364,747
365,747
366,748
367,748
367,749
368,749
369,749
370,750
371,750
372,751
373,752
377,755
377,756
377,757
378,758
# contour 13
386,641
386,650
385,651
385,655
385,656
385,659
384,659
384,662
384,663
384,665
384,668
383,668
383,670
383,671
383,672
382,673
382,674
382,675
382,677
381,677
381,678
381,679
381,680
381,681
381,682
380,682
380,684
380,685
379,685
379,686
379,687
379,688
379,689
378,690
378,691
378,692
377,692
377,693
377,694
377,695
377,696
376,696
376,697
376,698
375,698
375,699
375,700
374,701
374,702
374,703
373,704
373,705
372,706
372,707
372,708
371,709
371,710
370,711
370,712
370,713
369,713
369,714
368,715
368,716
367,716
367,717
367,718
367,719
366,719
365,720
365,721
365,722
364,723
363,724
363,725
363,726
362,726
361,727
361,728
360,728
360,729
359,730
358,731
358,732
358,733
356,734
356,735
355,736
353,738
351,741
347,745
344,748
340,752
338,754
337,754
336,755
334,757
333,758
332,758
331,758
330,759
330,760
329,760
328,760
328,761
327,761
326,761
326,762
325,762
325,763
324,763
323,763
322,764
321,764
321,765
320,765
319,765
318,765
317,766
316,766
315,767
314,767
313,767
312,767
312,768
310,768
309,768
308,769
307,769
305,769
305,770
302,770
298,770
288,770
285,770
284,770
282,770
282,769
280,769
279,769
278,769
278,768
277,768
276,768
275,768
275,767
274,767
273,767
272,767
271,767
271,766
270,766
269,766
269,765
270,763
272,762
272,761
273,760
274,758
275,757
275,756
276,756
276,755
277,754
278,753
279,752
279,751
279,750
280,750
280,749
281,749
281,748
281,747
282,747
282,746
283,745
283,744
284,744
284,743
284,742
285,742
285,741
285,740
286,740
286,739
287,738
287,737
288,736
288,735
288,734
289,734
289,733
290,732
290,731
290,730
291,730
291,729
291,728
292,728
292,727
292,726
293,726
293,725
293,724
293,723
294,723
294,722
294,721
295,721
295,720
295,719
295,718
296,718
296,717
296,716
297,715
297,714
298,713
298,712
298,711
298,710
299,709
299,708
299,707
300,707
300,706
300,705
300,704
301,703
301,702
301,701
302,700
302,699
302,698
302,696
303,696
303,695
303,694
303,693
304,693
304,691
304,690
305,689
305,688
305,687
305,686
305,684
306,684
306,682
306,681
306,680
307,679
307,677
307,675
307,674
307,672
308,672
308,669
308,666
309,665
309,663
309,662
309,658
309,653
310,652
310,643
310,642
# contour 14
398,753
398,758
398,759
398,761
398,763
397,763
397,764
397,765
396,765
396,766
396,767
395,767
395,768
395,769
395,770
394,770
394,771
393,772
393,773
392,774
391,775
391,776
389,777
389,778
384,784
383,784
382,785
381,785
380,786
379,786
378,787
377,788
376,788
375,788
375,789
374,789
373,789
373,790
372,790
370,790
370,791
368,791
360,791
358,791
358,790
357,790
356,790
355,789
354,789
353,789
353,788
352,788
351,788
351,787
349,786
345,782
344,781
344,780
343,779
343,778
342,777
342,776
341,776
341,775
341,774
340,774
340,773
340,772
340,771
339,770
339,769
339,768
338,767
338,766
338,764
337,764
337,761
337,757
338,756
339,756
340,754
341,754
342,752
343,753
343,754
344,754
344,755
344,756
344,757
345,758
345,759
346,760
346,761
347,761
347,762
347,763
348,764
348,765
349,765
349,766
350,767
353,771
354,771
355,772
356,772
357,772
357,773
358,773
360,773
360,774
364,774
364,773
365,773
366,773
367,773
367,772
368,772
369,772
370,771
371,771
372,770
376,766
376,765
377,764
378,763
379,762
379,761
379,760
379,757
379,756
379,755
378,755
378,754
374,750
373,749
372,749
371,749
371,748
370,748
370,747
369,747
368,747
367,747
367,746
366,746
365,746
365,745
364,745
363,744
362,744
361,744
360,744
360,743
359,743
358,743
358,742
357,742
356,742
355,742
354,741
353,741
355,739
357,737
358,735
359,734
359,733
360,733
362,733
365,733
367,733
367,734
369,734
370,734
371,734
372,735
373,735
374,735
375,735
376,735
377,736
378,736
379,736
379,737
380,737
381,737
382,737
383,738
384,738
384,739
385,739
386,739
386,740
387,740
388,740
388,741
389,741
390,742
391,742
396,747
397,748
397,749
398,750
398,751
398,753
# contour 15
385,785
391,779
392,777
395,773
395,772
396,771
397,770
397,769
398,767
398,766
398,765
399,763
399,762
400,761
400,759
400,753
400,752
399,749
398,747
396,744
392,741
390,740
389,739
385,737
384,737
383,736
382,736
381,735
380,735
379,735
378,735
377,734
375,734
375,733
374,733
373,733
372,733
370,733
370,732
368,732
367,732
365,732
365,731
363,731
361,730
363,728
364,726
365,726
366,722
367,721
373,710
373,709
375,704
376,702
377,701
377,700
377,698
378,696
378,695
379,695
379,694
379,693
379,692
379,691
380,690
380,688
381,687
381,686
381,685
381,684
382,684
382,682
382,681
383,680
383,679
383,677
384,677
384,675
384,673
384,671
385,670
385,668
385,666
386,665
386,663
386,660
386,659
386,656
387,656
387,651
387,642
388,642
# contour 16
10,635
10,636
10,637
10,638
11,638
11,640
14,645
15,647
16,647
17,647
18,647
21,647
21,648
32,648
32,647
39,647
40,647
44,647
45,647
49,647
50,646
54,646
62,645
63,645
66,645
66,644
68,644
68,645
68,649
69,650
69,656
69,660
70,661
70,664
70,665
70,671
71,671
71,673
71,674
71,676
72,677
72,678
72,679
72,681
73,685
73,686
74,687
74,688
74,689
74,690
74,691
74,692
75,693
75,695
76,697
77,700
77,701
78,703
78,704
78,705
79,706
79,707
79,708
79,709
80,709
80,710
80,711
80,712
81,712
81,713
81,715
82,716
82,717
83,719
85,723
86,726
88,729
88,730
93,740
93,741
95,744
97,748
99,750
99,751
100,752
101,753
102,754
102,756
104,757
104,758
107,762
110,766
116,773
126,782
128,784
130,786
132,787
134,788
135,789
140,793
141,793
142,794
144,795
145,795
152,799
153,799
155,800
156,800
157,801
158,801
158,802
159,802
160,802
161,802
162,802
162,803
163,803
165,804
166,804
167,804
168,805
169,805
170,805
171,805
173,805
173,806
175,806
176,806
179,806
179,807
183,807
195,807
200,807
200,806
202,806
203,806
205,806
205,805
207,805
209,805
211,805
212,804
214,804
214,803
215,803
216,803
216,802
217,802
218,802
219,802
221,801
224,800
225,800
234,795
235,794
238,793
239,792
240,792
240,791
241,791
242,790
243,789
244,788
247,786
248,786
252,782
256,779
263,772
266,769
266,768
267,767
268,767
271,768
272,768
273,769
274,769
276,770
277,770
278,770
279,770
280,771
281,771
282,771
284,771
284,772
288,772
298,772
302,772
302,771
305,771
307,771
307,770
309,770
312,770
312,769
313,769
314,769
315,768
317,768
320,766
321,766
328,763
328,762
330,761
335,758
335,761
336,762
336,766
337,767
337,770
337,771
338,771
338,773
339,774
339,775
341,779
342,780
343,782
344,783
344,784
348,787
351,789
354,791
355,791
356,792
358,792
360,792
360,793
368,793
368,792
370,792
371,792
372,792
372,791
373,791
374,791
375,791
379,788
380,788
381,787
383,786
384,785
