# contour 0
49,619
49,619
49,617
50,616
50,615
51,614
51,614
52,613
52,611
52,611
52,610
51,609
51,603
52,603
52,601
57,596
57,596
57,596
58,596
58,596
60,596
61,595
61,595
61,596
62,596
62,596
63,596
63,596
64,596
64,597
65,597
66,598
66,598
68,599
68,599
70,601
70,602
71,603
71,603
71,603
71,604
71,605
71,606
72,606
72,607
71,608
71,610
71,611
71,611
71,612
71,613
70,613
70,614
67,617
67,618
# contour 1
71,513
72,513
72,514
72,514
72,515
73,515
73,516
73,516
73,516
73,517
73,518
74,518
74,518
74,519
74,520
74,520
74,521
74,521
74,521
74,522
74,523
73,523
73,523
73,524
73,524
73,525
73,525
72,526
72,526
72,527
72,527
71,527
71,528
70,529
69,529
68,530
68,531
69,532
69,532
69,533
69,533
70,534
70,534
71,535
71,535
71,536
71,537
72,537
72,537
72,538
72,538
73,539
73,539
72,539
72,543
72,543
72,544
71,544
71,545
71,545
71,546
71,546
71,546
70,547
70,547
67,550
67,551
70,554
70,555
71,555
71,556
71,556
71,557
71,558
71,561
72,561
72,562
71,563
71,564
71,564
71,565
71,565
71,566
70,566
70,566
70,567
70,567
69,568
68,568
67,570
66,570
65,571
65,571
64,572
64,572
64,572
63,572
62,572
62,572
61,573
59,573
59,572
57,572
55,570
55,570
52,567
52,566
51,565
51,559
52,559
52,558
52,557
52,555
52,555
51,554
50,554
50,554
50,553
50,553
50,552
49,552
49,549
49,549
49,546
48,546
48,540
49,540
49,539
49,538
49,537
50,537
50,535
50,535
50,527
50,527
50,526
51,526
51,525
51,525
51,524
52,524
52,523
52,523
52,523
53,522
53,521
53,521
54,521
54,521
57,521
58,520
59,520
59,520
60,520
61,519
61,519
62,518
62,518
63,517
64,517
65,515
66,515
66,515
67,515
67,514
68,514
68,514
68,514
69,513
69,513
69,513
70,513
70,513
# contour 2
35,620
35,619
35,617
35,616
35,613
36,613
36,610
36,610
36,604
36,604
36,597
37,596
37,589
37,589
37,577
38,577
38,541
37,541
37,535
37,534
37,528
36,527
36,521
36,521
36,518
36,518
36,515
35,515
35,512
35,512
35,509
35,509
35,506
34,506
34,502
34,502
34,497
33,497
33,492
33,491
33,487
33,487
33,485
32,484
32,482
32,482
32,480
31,479
# contour 3
60,479
61,480
61,484
61,485
61,489
61,489
61,494
62,494
62,498
62,499
62,503
62,503
62,504
62,504
62,505
62,505
62,506
61,506
61,508
61,508
61,509
61,509
61,509
60,510
60,510
60,511
60,511
59,511
59,512
57,514
57,515
55,516
55,517
55,517
55,518
54,518
54,519
53,520
52,520
52,521
52,521
51,522
51,522
50,523
50,523
50,523
50,524
50,524
50,525
49,525
49,526
49,527
49,534
48,534
48,536
48,536
48,537
48,538
48,539
47,539
47,547
48,547
48,550
48,550
48,553
48,553
48,554
49,554
49,554
50,555
50,555
50,556
50,558
50,558
50,561
50,562
50,564
50,565
50,566
50,567
50,568
55,573
56,573
57,573
57,573
58,574
58,574
59,575
59,575
61,576
61,576
61,577
61,577
62,578
62,578
62,579
62,579
63,579
63,580
63,580
63,586
63,587
63,587
61,589
61,589
60,590
59,590
58,591
57,591
57,592
56,593
56,593
56,594
56,594
55,595
55,596
50,601
50,601
50,601
50,604
50,604
50,606
50,606
50,610
50,610
50,611
51,612
51,612
50,613
50,613
49,614
49,614
48,615
48,615
48,616
48,618
48,618
# contour 4
106,606
106,606
105,606
104,605
104,605
103,604
103,604
102,603
102,603
101,603
100,603
100,602
99,602
99,601
98,601
97,600
97,600
95,599
95,599
94,598
94,598
88,592
88,592
88,591
88,591
87,591
87,590
87,590
87,589
87,589
87,589
86,588
86,588
86,587
86,587
85,587
85,586
85,585
85,585
85,585
85,584
84,584
84,583
84,583
84,582
83,582
83,581
83,581
83,579
83,578
83,577
83,576
83,575
83,574
83,573
84,572
84,572
85,571
85,571
85,570
85,570
86,569
86,569
87,568
87,568
87,567
87,566
89,565
89,565
94,559
95,559
98,556
99,556
100,554
101,554
103,552
103,552
104,551
104,550
104,550
103,549
103,549
102,549
102,549
101,548
101,548
100,547
100,547
99,547
99,547
98,546
97,546
95,544
95,544
95,543
95,543
94,542
94,542
92,540
92,540
92,539
92,539
91,538
91,538
90,537
90,537
89,536
89,535
89,535
89,534
88,534
88,533
88,533
88,532
88,532
88,531
87,531
87,530
87,530
87,525
87,525
87,523
87,523
87,521
87,520
87,519
88,519
88,518
88,518
88,516
88,516
88,515
89,515
89,514
89,513
89,513
90,512
90,511
90,511
90,511
90,510
90,509
91,509
91,508
91,508
91,508
92,507
92,507
93,507
93,508
94,509
94,509
97,512
97,512
99,514
99,514
100,515
100,515
101,515
101,515
102,516
102,516
103,516
103,516
104,517
105,517
106,518
106,518
107,518
107,518
107,518
108,518
108,519
109,519
109,519
110,519
111,520
111,520
111,519
112,519
112,518
111,517
111,517
110,516
109,516
106,513
106,513
106,512
106,512
105,511
105,511
105,510
105,509
104,508
104,508
105,507
105,506
105,506
106,506
106,506
106,507
106,508
106,508
106,508
107,509
107,509
107,509
107,510
111,514
112,514
113,515
113,515
114,516
114,516
115,516
115,516
116,517
116,517
117,518
118,518
118,519
119,519
119,520
120,520
120,520
121,520
121,521
122,521
122,521
123,521
123,522
124,522
124,522
125,522
125,523
126,523
126,523
126,523
127,524
127,525
126,526
125,526
122,529
122,529
121,530
120,530
119,531
119,531
118,532
117,532
116,534
116,534
114,535
114,535
113,536
112,536
111,538
111,538
110,539
110,539
109,540
109,540
108,541
108,542
107,542
107,543
107,544
107,545
106,546
106,548
106,548
106,555
106,556
106,558
107,558
107,559
107,559
107,560
107,560
107,561
108,561
108,561
108,562
108,562
109,563
109,563
109,563
109,564
114,569
115,569
119,573
119,573
121,575
121,575
122,576
123,576
123,577
124,577
125,578
125,578
126,579
127,579
128,580
128,580
129,580
128,581
128,581
127,582
127,582
126,582
126,582
125,583
125,583
123,584
123,584
122,585
121,585
120,587
119,587
118,588
118,588
116,590
116,590
114,592
114,592
113,593
113,593
112,594
112,594
111,595
111,595
111,596
111,596
110,597
110,597
109,598
109,598
109,599
109,599
109,599
109,600
108,600
108,601
108,601
108,602
107,603
107,604
107,605
107,606
# contour 5
95,620
95,620
95,619
97,618
97,617
98,616
98,616
101,613
101,612
104,610
104,609
106,608
106,607
106,606
107,607
107,609
107,609
107,610
107,611
107,611
108,612
108,613
108,613
108,615
109,615
109,615
109,616
109,616
109,617
109,617
110,617
110,618
110,618
110,618
111,619
111,619
111,620
111,620
111,620
# contour 6
113,620
113,620
113,620
112,619
112,619
112,618
112,618
111,618
111,617
111,617
111,617
111,616
111,616
110,615
110,614
109,614
109,613
109,612
109,611
109,611
109,610
108,610
108,608
108,608
108,607
108,606
108,605
109,605
109,603
109,603
109,602
109,601
109,601
110,600
110,599
111,599
111,599
111,598
111,598
112,597
112,597
112,596
112,596
113,595
113,595
113,594
113,594
115,592
115,592
117,591
117,591
119,589
119,589
120,588
121,588
122,587
122,587
124,585
124,585
125,584
126,584
126,584
127,584
128,583
128,583
129,582
129,582
130,581
130,581
131,580
132,580
131,580
130,579
130,579
129,579
128,579
128,578
127,578
126,577
126,577
125,576
125,576
123,575
123,575
122,573
121,573
120,572
120,572
114,566
114,566
110,563
110,563
110,562
110,562
109,561
109,561
109,561
109,560
109,560
109,560
108,559
108,559
108,558
108,558
107,558
107,554
107,553
107,549
107,549
107,547
108,546
108,544
109,544
109,543
109,542
109,542
110,541
110,541
111,540
111,540
112,539
112,539
113,537
114,537
115,536
115,536
116,535
117,535
118,534
118,534
119,532
120,532
121,531
121,531
123,530
123,530
126,527
126,527
128,525
128,525
128,525
128,524
129,524
129,523
128,523
128,523
127,522
127,522
126,522
126,522
126,521
125,521
125,521
124,521
124,520
123,520
123,520
122,520
121,519
121,519
121,518
120,518
119,518
119,518
118,517
118,517
117,516
117,516
116,515
116,515
115,515
114,515
114,514
113,514
113,513
112,513
109,509
109,509
108,508
108,508
107,508
107,507
107,507
107,506
107,506
107,505
106,505
106,504
106,504
106,503
106,503
106,502
109,500
109,500
110,499
110,499
111,499
111,499
111,499
112,499
113,498
113,498
113,498
114,498
114,497
115,497
116,497
116,497
117,497
118,497
118,496
119,496
119,496
120,496
121,495
122,495
122,495
124,495
124,495
125,495
126,494
128,494
128,494
133,494
133,494
136,494
136,495
138,495
138,495
139,495
139,495
140,495
140,496
141,496
142,496
142,496
142,497
143,497
143,497
144,497
144,497
144,497
145,498
145,498
145,498
146,498
147,499
147,499
148,500
148,500
149,500
146,502
146,502
145,504
144,504
143,505
142,505
139,508
139,508
136,511
136,512
135,513
135,513
135,513
135,514
134,515
134,515
133,515
133,516
133,516
133,516
133,517
133,518
132,518
132,519
132,519
132,520
132,520
132,522
132,522
132,525
132,525
132,526
133,527
133,527
133,527
133,528
133,528
133,529
134,529
134,530
135,532
135,532
137,533
137,534
138,535
138,535
138,535
139,535
140,537
140,537
141,538
142,538
142,539
143,539
144,540
144,540
145,540
145,540
146,541
147,541
147,542
148,542
149,543
149,543
150,544
150,544
151,544
151,544
152,545
152,545
153,546
154,546
154,547
155,547
156,548
156,549
156,549
156,551
154,553
154,553
152,555
151,555
150,556
150,556
149,557
148,557
147,558
147,558
143,562
143,562
140,564
140,565
139,566
139,567
137,568
137,569
136,570
136,570
136,570
136,571
135,572
135,572
135,572
135,573
135,573
135,574
134,574
134,581
135,581
135,582
135,583
135,584
136,585
136,585
137,586
137,587
137,587
137,588
138,589
138,589
139,589
139,589
141,591
141,591
143,593
143,593
144,594
144,594
145,594
145,594
146,595
147,595
147,596
148,596
149,597
149,597
150,598
150,598
151,598
151,598
152,599
152,599
152,599
153,599
154,600
154,600
154,600
155,600
156,601
156,601
158,603
158,604
158,605
158,606
158,606
158,607
157,608
156,608
156,609
155,609
154,610
154,610
153,611
152,611
151,612
151,612
150,613
149,613
148,614
148,614
147,615
146,615
# contour 7
179,524
179,524
178,524
176,527
176,527
175,527
175,527
174,528
174,528
173,528
173,528
172,529
172,529
171,529
171,529
170,530
170,530
169,531
169,531
168,531
168,531
166,533
166,533
165,534
165,534
163,535
163,535
162,536
161,536
160,538
160,538
159,539
159,539
159,540
159,540
159,541
159,542
158,542
158,543
158,543
158,544
158,544
158,545
157,546
157,546
157,546
156,546
156,546
155,546
154,545
154,545
153,544
153,544
152,543
152,543
151,542
151,542
150,542
149,542
149,541
148,541
147,540
147,540
146,539
146,539
145,539
145,539
144,538
144,538
142,537
142,537
141,535
140,535
140,535
139,535
139,534
139,534
138,533
138,532
137,531
137,531
135,529
135,529
135,528
135,528
134,527
134,527
134,527
134,526
133,525
133,524
133,524
133,521
133,521
133,521
133,520
133,520
133,518
134,518
134,517
135,516
135,516
135,516
135,515
135,515
135,515
136,514
136,513
137,513
137,513
140,509
140,509
143,506
144,506
145,505
145,505
147,504
147,504
149,501
150,501
151,502
152,502
155,506
156,506
158,509
159,509
160,510
161,510
161,511
162,511
164,513
165,513
167,516
168,516
170,518
170,518
170,518
171,518
171,519
171,519
172,519
172,519
173,520
173,520
173,520
174,520
174,520
175,520
175,521
175,521
176,521
176,521
177,521
177,521
178,523
178,523
179,523
# contour 8
180,577
180,577
178,579
178,579
177,580
176,580
175,582
175,582
173,583
173,583
171,585
170,585
168,587
168,587
165,590
165,590
165,591
165,591
163,592
163,593
163,594
163,594
161,595
161,596
161,596
161,597
160,597
160,598
160,598
160,599
159,600
159,601
159,601
159,601
159,602
158,601
158,601
158,601
157,600
156,600
156,599
156,599
155,599
154,599
154,598
153,598
153,598
152,598
152,597
151,597
151,596
151,596
150,596
149,596
149,595
148,595
147,594
147,594
146,593
146,593
145,592
145,592
144,592
144,592
142,590
141,590
140,588
139,588
139,588
139,587
139,587
139,587
137,585
137,585
137,585
137,584
136,584
136,582
136,582
136,580
135,580
135,576
136,575
136,574
136,573
136,573
137,573
137,572
137,572
137,571
137,571
137,570
138,570
138,569
140,567
140,567
142,565
142,565
143,564
143,564
147,560
148,560
149,558
149,558
151,557
151,557
152,556
152,556
154,554
154,554
156,553
157,553
157,554
158,554
158,555
158,556
158,556
158,556
158,557
159,558
159,558
159,559
159,560
159,560
159,560
161,561
161,562
162,563
162,563
163,564
163,565
164,566
164,566
165,567
165,567
166,568
166,568
166,568
169,571
170,571
170,572
171,572
171,572
171,572
172,572
172,572
173,573
173,573
173,573
174,573
175,573
175,573
175,574
176,574
176,574
177,574
177,575
177,575
178,575
178,575
178,575
179,575
179,576
180,576
# contour 9
147,616
148,616
149,615
149,615
150,614
151,614
152,613
152,613
153,612
154,612
154,611
155,611
156,610
156,610
157,609
158,609
158,608
159,608
159,609
159,610
159,610
159,610
160,611
160,611
160,611
160,612
161,612
161,613
161,613
161,613
161,614
161,614
162,615
162,615
162,615
162,616
163,616
163,617
165,619
165,620
166,620
166,620
166,620
# contour 10
163,615
163,615
163,615
163,614
163,614
163,613
162,613
162,613
162,612
162,612
161,611
161,611
161,611
161,610
161,610
161,609
160,609
160,607
160,606
160,605
159,605
159,604
160,604
160,603
160,603
160,602
161,601
161,600
161,600
161,599
161,599
161,598
162,598
162,597
163,596
163,596
164,595
164,594
165,594
165,593
165,592
165,592
166,591
166,591
169,588
169,588
171,586
171,586
173,584
174,584
175,583
176,583
177,582
177,582
178,580
179,580
183,577
183,576
182,575
182,575
181,575
181,575
180,575
180,575
180,574
179,574
179,574
178,574
178,573
178,573
177,573
177,573
177,573
176,573
176,572
175,572
175,572
174,572
174,572
173,572
173,571
173,571
172,571
171,571
171,570
171,570
170,570
170,570
164,564
164,563
163,563
163,562
162,561
162,561
161,560
161,559
160,559
160,558
160,558
160,557
159,556
159,556
159,556
159,555
159,554
159,554
158,553
158,547
159,546
159,545
159,545
159,544
159,544
159,543
160,542
160,542
160,541
160,540
161,540
161,539
161,539
161,539
162,537
163,537
164,536
164,536
165,535
166,535
167,534
168,534
169,532
169,532
170,532
170,532
171,531
171,531
172,530
172,530
173,530
173,530
174,529
174,529
175,528
175,528
176,528
176,528
177,528
177,528
179,525
180,525
182,523
181,523
180,523
179,521
179,521
178,520
177,520
177,520
177,520
176,520
176,520
175,519
175,519
175,519
174,519
174,518
173,518
173,518
172,518
172,518
171,518
171,517
171,517
170,516
170,516
171,516
171,516
171,516
172,517
172,517
173,517
173,517
174,518
174,518
175,518
175,518
176,518
177,518
177,519
178,519
178,519
179,519
179,520
180,520
181,520
182,520
182,520
183,520
184,521
184,523
184,523
184,525
184,526
184,527
184,527
184,528
185,529
185,530
185,530
185,531
185,532
185,532
191,538
192,538
192,539
193,539
194,540
194,540
194,540
195,540
196,541
196,541
197,542
197,542
198,542
198,542
199,543
199,543
199,543
200,543
200,544
201,544
201,544
202,544
202,545
203,545
203,545
203,545
205,547
205,547
206,548
206,549
206,549
206,551
205,552
205,553
204,554
203,554
202,555
202,555
201,556
200,556
199,558
199,558
197,559
197,559
193,563
193,563
190,566
190,567
188,569
188,570
187,570
187,570
187,571
187,571
187,572
187,572
186,572
186,573
186,573
186,574
185,574
185,575
185,575
185,577
185,578
185,581
186,582
186,583
187,583
187,584
187,584
187,584
188,585
188,585
188,586
188,587
189,587
189,587
189,588
189,588
190,589
190,589
192,591
192,591
193,592
194,592
195,593
196,593
197,594
197,594
198,596
199,596
199,596
200,596
201,598
201,598
203,599
203,599
204,600
204,600
206,601
206,601
208,603
208,603
208,604
208,604
208,605
208,605
208,605
208,606
208,606
208,606
206,608
206,608
205,608
205,608
204,609
204,609
203,610
203,610
199,613
199,613
195,617
195,617
193,619
193,620
# contour 11
206,546
204,544
204,544
203,544
203,544
203,543
202,543
202,543
201,543
201,542
201,542
200,542
199,542
199,541
199,541
198,541
198,541
197,540
197,540
196,539
196,539
195,539
194,539
194,538
193,538
192,537
192,537
187,532
187,531
186,530
186,529
186,529
186,528
185,528
185,527
185,526
185,525
185,525
185,525
185,524
185,521
185,521
187,521
187,521
189,521
190,522
192,522
192,522
196,522
196,523
204,523
205,523
205,524
206,525
206,525
208,527
208,527
209,528
209,529
211,531
211,531
214,534
214,534
213,535
213,535
212,536
211,536
211,536
211,537
210,537
210,538
210,539
210,539
209,540
209,540
208,541
208,541
208,542
208,542
207,542
207,543
207,543
207,544
206,545
206,546
# contour 12
208,608
209,608
209,611
210,611
210,611
210,612
210,612
211,613
211,614
212,615
212,615
213,616
213,617
214,617
214,618
214,618
214,619
214,619
214,620
213,620
213,620
# contour 13
195,620
195,620
196,618
196,618
200,614
200,614
203,611
204,611
205,610
205,610
206,610
206,610
207,608
208,608
# contour 14
228,575
228,575
227,576
227,576
226,578
226,578
225,579
225,579
223,580
223,580
222,582
221,582
219,584
219,584
216,586
216,586
214,588
214,589
213,589
213,590
213,590
213,591
212,591
212,592
211,592
211,593
210,594
210,594
210,595
210,595
209,596
209,596
209,597
209,599
208,599
208,601
208,601
207,600
207,600
205,599
205,599
204,598
203,598
202,596
202,596
201,596
201,596
199,594
199,594
198,593
197,593
196,592
196,592
195,591
194,591
193,589
192,589
191,588
190,588
190,587
190,587
190,587
190,586
189,586
189,585
189,585
189,585
189,584
189,584
188,584
188,583
188,583
188,582
187,582
187,582
187,581
187,581
187,580
187,575
187,575
187,574
187,574
187,573
188,573
188,572
188,572
188,572
189,571
189,570
189,570
189,570
191,568
191,567
195,563
195,563
198,560
199,560
200,558
200,558
201,558
201,558
203,556
203,556
204,555
204,555
206,553
207,554
207,555
207,556
207,556
208,557
208,557
208,558
208,558
209,559
209,560
210,560
210,560
210,561
210,561
211,562
211,562
211,563
211,563
214,566
214,566
216,568
216,568
218,569
218,569
219,570
220,570
220,571
221,571
222,572
222,572
223,572
223,572
223,573
224,573
225,573
225,573
225,574
226,574
226,574
227,574
227,575
227,575
# contour 15
215,617
215,617
215,617
214,615
214,615
213,614
213,614
212,613
212,613
211,611
211,611
211,611
211,610
210,610
210,608
210,607
210,605
210,604
210,600
210,599
210,598
210,598
210,596
211,595
211,595
212,594
212,594
213,593
213,592
213,592
213,591
214,591
214,590
215,589
215,589
217,587
217,587
220,585
220,585
222,583
222,583
224,581
224,581
225,580
226,580
227,579
227,579
229,577
229,576
230,575
230,575
230,575
229,574
229,574
229,574
228,574
228,573
227,573
227,573
226,573
226,572
225,572
225,572
225,572
224,571
223,571
223,570
222,570
222,570
222,570
221,569
220,569
219,568
219,568
217,566
217,566
215,565
215,565
213,563
213,562
212,561
212,561
211,561
211,560
211,560
211,559
210,559
210,558
210,558
210,557
209,556
209,556
208,556
208,554
208,554
208,551
208,551
208,546
208,545
208,544
208,544
208,543
209,542
209,542
210,541
210,540
211,540
211,539
211,539
211,539
212,538
212,537
212,537
213,537
214,536
215,536
216,537
216,537
216,538
217,538
217,539
218,539
218,539
218,539
219,539
219,539
220,540
220,540
220,540
221,540
221,540
222,540
222,541
223,541
223,541
224,541
224,542
225,542
225,542
227,542
227,542
228,542
229,543
229,543
230,543
230,543
231,544
232,544
232,544
234,544
234,544
237,544
237,545
240,545
241,545
241,545
242,546
242,546
241,547
241,547
241,547
241,548
240,548
240,549
240,549
240,549
239,550
239,551
239,551
239,551
238,552
238,553
237,553
237,553
237,554
237,554
237,555
237,555
236,556
236,556
236,557
236,557
235,558
235,558
235,559
235,559
235,560
235,560
234,561
234,561
234,562
234,563
234,564
234,565
233,565
233,567
233,567
233,568
232,569
232,576
232,576
232,579
232,579
232,580
233,581
233,582
233,583
233,584
234,585
234,587
234,587
234,588
234,588
234,589
235,589
235,589
235,590
235,590
235,591
235,591
236,591
236,592
236,592
236,592
237,593
237,593
237,594
237,594
237,594
237,595
238,595
238,596
238,596
238,597
239,598
239,598
241,599
241,600
242,601
242,601
242,602
242,603
244,604
244,604
244,605
244,605
245,606
245,606
242,606
241,607
239,607
238,607
235,607
235,608
233,608
233,608
232,608
232,608
231,608
231,609
230,609
230,609
229,609
229,610
228,610
227,610
227,610
226,610
226,610
225,611
225,611
224,611
224,611
223,612
223,612
223,612
222,612
222,613
222,613
221,613
220,613
220,614
220,614
218,615
218,615
217,616
216,616
# contour 16
251,492
251,495
251,496
251,497
250,498
250,499
250,499
250,500
249,500
249,501
249,501
249,502
249,502
249,502
248,503
248,504
247,504
247,505
245,507
245,508
244,508
244,508
241,511
241,511
240,511
240,511
239,512
239,512
238,513
237,513
237,513
237,513
236,514
235,514
235,515
235,515
234,515
234,515
234,515
233,515
232,516
232,516
232,516
231,516
231,516
230,516
230,517
229,517
229,517
228,517
228,518
227,518
227,518
226,518
225,518
225,518
224,519
223,519
223,519
222,519
221,520
220,520
219,520
218,520
217,520
215,520
215,521
213,521
212,521
208,521
208,521
197,521
197,521
193,521
193,521
190,521
190,520
188,520
188,520
186,520
186,520
184,520
184,519
183,519
182,519
181,519
181,518
180,518
180,518
179,518
178,518
178,518
177,517
177,517
176,517
175,517
175,516
174,516
174,516
173,516
173,516
172,516
172,515
171,515
171,515
171,515
170,515
170,515
170,514
169,514
169,514
168,514
168,513
168,513
167,513
167,513
166,512
166,512
165,512
165,512
164,511
164,511
163,510
163,510
161,509
161,509
159,508
159,508
156,504
155,504
152,501
152,501
151,500
150,500
149,499
149,499
148,498
147,498
147,497
146,497
146,497
145,497
145,496
145,496
144,496
144,496
144,495
143,495
143,495
142,495
142,495
141,495
141,494
140,494
140,494
139,494
138,494
137,494
137,493
135,493
134,493
131,493
130,492
126,492
126,493
122,493
122,493
120,493
120,494
119,494
118,494
118,494
117,494
116,494
116,495
115,495
115,495
114,495
114,495
113,495
113,496
113,496
112,496
112,496
111,497
111,497
110,497
110,497
109,498
109,498
105,502
105,502
104,503
104,503
104,504
104,504
104,505
104,506
103,506
103,509
104,510
104,511
104,511
104,512
104,512
104,513
105,513
105,513
106,514
106,515
107,516
107,516
106,516
106,516
106,516
105,516
105,516
104,515
104,515
103,515
103,515
102,514
102,514
101,513
101,513
100,513
100,513
98,511
97,511
95,509
95,508
94,507
94,506
93,506
93,505
93,505
93,504
92,504
92,504
92,503
92,503
92,502
92,502
91,501
91,501
91,500
91,499
90,499
90,495
91,494
91,493
91,493
91,492
92,492
92,491
92,490
92,490
92,490
92,489
93,489
93,489
94,488
94,487
94,487
94,486
96,484
96,484
100,480
100,480
# contour 17
246,483
246,483
248,484
248,485
248,485
248,486
249,487
249,487
249,487
249,488
250,489
250,489
250,489
250,490
251,491
251,492
# contour 18
250,606
247,606
246,605
246,604
245,603
245,603
244,602
244,601
242,600
242,600
241,599
241,598
240,597
240,597
239,596
239,596
239,595
239,595
239,594
239,594
238,594
238,593
238,593
238,592
237,592
237,591
237,591
237,591
237,590
237,590
236,589
236,589
236,589
236,588
235,588
235,587
235,587
235,586
235,586
235,584
234,584
234,582
234,582
234,580
234,580
234,578
233,578
233,577
234,577
234,571
234,570
234,568
234,567
234,566
235,566
235,565
235,564
235,563
235,563
235,561
236,561
236,560
236,560
236,560
237,559
237,558
237,558
237,557
237,557
237,556
238,556
238,555
238,555
238,554
239,554
239,554
239,553
239,553
239,553
239,552
240,551
240,551
241,551
241,550
241,549
241,549
242,549
242,548
242,548
242,547
242,547
242,547
243,546
243,546
243,546
244,546
244,546
244,546
245,546
245,546
246,547
246,547
246,547
247,547
247,547
248,547
248,548
248,548
249,549
249,551
249,552
249,555
250,555
250,557
250,558
250,560
251,560
251,562
250,562
250,563
249,564
249,565
246,567
246,567
239,575
240,577
241,577
242,578
242,578
244,580
245,580
251,586
251,586
252,588
252,588
252,589
252,590
251,591
251,592
251,592
251,601
251,601
251,605
251,605
# contour 19
285,556
286,556
286,556
287,557
287,560
287,561
287,563
286,563
286,565
286,566
286,569
286,570
286,579
286,579
286,582
286,582
286,584
287,584
287,587
287,587
287,591
286,592
284,592
283,592
283,592
282,591
282,591
281,590
281,590
280,589
280,589
276,585
275,585
273,582
272,582
272,582
271,582
271,581
270,581
270,580
269,580
268,580
268,580
268,580
267,580
267,579
267,579
266,579
265,579
265,579
265,579
264,578
264,578
263,578
263,578
263,577
262,577
262,577
261,577
261,577
261,577
260,576
260,576
259,575
259,575
259,575
259,573
259,573
259,573
261,571
261,571
261,571
262,571
262,570
263,570
263,570
264,570
264,570
265,570
265,569
265,569
266,569
266,569
267,568
267,568
267,568
268,568
268,568
268,568
269,567
269,567
270,567
270,567
270,566
271,566
271,566
272,566
272,565
273,565
275,563
275,563
282,556
283,556
283,556
284,556
284,556
# contour 20
286,555
284,555
283,555
282,555
282,556
282,556
277,561
276,561
274,563
273,563
272,565
271,565
270,566
270,566
270,566
269,566
269,566
268,566
268,567
268,567
267,567
267,567
267,568
266,568
266,568
265,568
265,568
265,568
264,569
263,569
263,569
263,569
262,570
262,570
261,570
261,570
261,570
260,570
260,571
260,571
258,572
258,572
258,573
258,575
258,575
258,576
260,577
260,577
261,578
261,578
261,578
262,578
262,579
263,579
263,579
264,579
264,579
265,579
265,580
265,580
266,580
266,580
267,580
267,580
268,581
268,581
268,581
269,581
269,582
270,582
270,582
270,582
271,583
272,583
273,584
274,584
281,592
282,592
282,592
283,592
283,593
286,593
286,592
287,592
287,592
287,591
288,591
288,586
287,586
287,584
287,583
287,582
287,581
287,579
286,578
286,571
287,570
287,567
287,566
287,564
287,564
287,562
288,561
288,557
287,556
287,556
287,556
286,555
286,555
# contour 21
314,612
314,613
314,613
314,613
313,614
313,615
311,617
311,617
312,618
312,618
313,619
313,620
313,620
# contour 22
308,619
308,619
308,619
307,620
306,620
306,620
306,620
# contour 23
303,620
303,620
303,620
305,618
305,618
306,617
306,616
306,616
306,615
305,615
305,615
305,614
305,613
304,613
304,612
304,612
304,611
304,611
305,611
305,611
306,611
306,612
307,612
309,614
309,614
310,614
310,613
311,613
311,613
312,613
312,612
312,612
313,612
314,612
# contour 24
314,534
314,535
313,535
313,534
312,534
312,534
312,534
311,534
311,534
310,533
310,533
309,532
308,532
306,535
306,535
305,535
305,535
305,535
304,535
304,535
304,535
304,534
304,534
305,533
305,533
305,532
305,532
306,531
306,531
306,530
306,530
304,527
304,527
303,527
303,526
303,526
303,525
303,525
304,525
304,525
305,525
305,526
306,526
306,526
306,526
307,527
308,527
308,527
309,527
311,525
312,525
312,525
312,525
313,524
313,524
313,525
313,525
313,525
313,526
313,527
313,527
312,527
312,528
312,528
312,529
311,529
311,530
313,532
313,533
314,533
314,534
314,534
# contour 25
315,611
315,611
312,611
312,611
312,611
311,612
311,612
310,612
310,612
309,613
309,613
307,611
306,611
306,610
305,610
305,610
304,610
303,611
303,612
303,613
303,613
304,614
304,614
304,615
304,615
305,616
305,617
303,618
303,619
303,619
303,620
302,620
# contour 26
308,620
308,620
# contour 27
314,620
314,620
313,619
313,619
313,618
313,618
312,617
312,617
314,615
314,614
315,614
315,613
315,613
# contour 28
315,535
315,533
314,532
314,532
313,531
313,531
312,530
312,529
313,529
313,528
313,528
313,528
313,527
313,527
314,527
314,526
314,526
314,524
314,524
314,523
312,523
312,524
312,524
311,524
311,524
310,525
310,525
308,526
308,526
308,526
307,526
307,525
306,525
306,525
306,525
305,525
305,525
305,524
303,524
302,525
302,527
303,527
303,528
304,528
304,529
305,530
305,530
305,531
305,531
304,532
304,532
304,532
304,533
303,533
303,534
303,534
303,535
303,536
303,536
305,536
306,535
306,535
307,535
308,535
309,534
309,534
310,534
310,534
310,534
311,534
311,535
312,535
312,535
312,535
313,535
314,535
315,535
# contour 29
324,614
324,618
324,619
324,620
323,620
# contour 30
293,620
292,620
292,618
292,618
292,614
292,614
292,612
293,612
293,611
293,610
293,610
293,610
293,609
294,609
294,608
294,608
294,608
295,606
295,606
298,603
298,603
299,603
300,603
300,602
301,602
301,601
302,601
302,601
303,601
303,601
304,601
305,600
307,600
307,600
308,600
309,600
311,600
312,601
313,601
313,601
313,601
314,601
315,601
315,602
315,602
316,603
317,603
317,603
318,603
320,606
320,606
322,608
322,608
322,608
322,609
322,609
322,610
323,610
323,610
323,611
323,612
324,612
324,613
# contour 31
324,528
324,532
324,533
324,534
323,535
323,535
323,536
323,537
322,537
322,537
322,538
322,538
321,539
321,539
317,544
317,544
316,544
315,544
315,545
315,545
314,545
313,545
313,546
312,546
312,546
310,546
310,546
305,546
305,546
304,546
303,546
303,546
302,545
302,545
301,545
301,545
300,544
300,544
299,544
299,544
294,539
294,539
294,539
294,538
294,538
294,537
293,537
293,537
293,536
293,536
293,535
293,535
292,534
292,533
292,532
292,528
292,528
292,527
293,526
293,525
293,525
293,524
293,524
293,523
294,523
294,523
294,522
294,522
295,521
295,521
298,517
299,517
300,516
300,516
300,516
301,516
301,516
301,516
302,515
302,515
303,515
304,515
304,515
306,515
306,514
310,514
310,515
312,515
312,515
313,515
313,515
314,515
314,516
315,516
315,516
315,516
316,516
316,516
317,517
317,517
321,521
321,521
322,522
322,522
322,523
322,523
322,523
322,524
323,524
323,525
323,525
323,526
324,527
324,528
# contour 32
325,613
324,613
324,611
324,611
324,610
324,610
324,610
323,609
323,609
323,608
323,608
322,608
322,607
322,607
322,606
320,605
320,605
319,603
319,603
318,602
317,602
317,601
316,601
316,601
315,601
315,601
315,601
314,600
313,600
313,600
312,600
312,599
310,599
310,599
306,599
306,599
304,599
303,600
303,600
302,600
301,600
301,601
301,601
300,601
300,601
300,601
299,601
298,602
298,602
297,603
296,603
295,605
295,605
294,606
294,606
293,607
293,608
293,608
293,608
293,609
293,609
292,610
292,610
292,610
292,611
291,611
291,613
291,613
291,619
291,619
# contour 33
324,619
325,619
# contour 34
325,527
324,527
324,526
324,525
324,525
324,524
324,523
323,523
323,523
323,522
323,522
322,521
322,521
321,520
321,520
319,517
318,517
317,516
317,516
316,515
316,515
315,515
315,515
314,515
314,515
313,514
313,514
312,514
311,514
310,513
305,513
305,514
303,514
303,514
302,514
302,515
301,515
301,515
300,515
300,515
300,515
299,516
298,516
297,517
297,517
294,520
294,520
294,521
294,521
293,522
293,522
293,523
293,523
292,523
292,524
292,525
292,525
291,526
291,527
291,527
291,533
291,534
291,535
292,535
292,536
292,536
292,537
293,537
293,538
293,538
293,539
294,539
294,540
294,540
294,541
297,544
298,544
299,545
299,545
300,545
300,545
300,546
301,546
301,546
301,546
302,546
303,546
303,547
304,547
305,547
311,547
312,547
313,547
313,546
314,546
314,546
315,546
315,546
315,546
316,545
316,545
317,545
317,545
318,544
319,544
321,541
321,540
322,540
322,539
323,539
323,538
323,538
323,537
324,537
324,536
324,536
324,535
324,535
324,534
325,533
# contour 35
339,613
# contour 36
277,613
277,613
277,611
278,611
278,610
278,610
278,609
279,608
279,608
279,607
279,606
279,606
279,606
280,605
280,605
280,605
280,604
281,604
281,603
281,603
281,603
282,602
282,601
282,601
282,600
283,599
283,599
289,594
289,594
290,592
291,592
291,592
292,592
292,591
293,591
293,591
293,591
294,590
294,590
295,590
296,590
296,589
296,589
297,589
298,589
298,589
299,589
299,588
300,588
300,588
302,588
302,587
305,587
305,587
311,587
311,587
313,587
314,588
315,588
315,588
317,588
317,589
318,589
318,589
319,589
319,589
320,589
320,590
321,590
321,590
322,590
322,591
322,591
323,591
324,591
324,592
324,592
325,592
326,592
327,594
327,594
332,599
332,599
333,600
333,601
334,601
334,602
335,603
335,603
335,603
335,604
336,604
336,605
336,605
336,605
336,606
336,606
337,606
337,607
337,608
337,608
338,609
338,610
338,610
338,611
338,611
338,613
# contour 37
339,523
339,533
338,534
338,535
338,535
338,537
338,537
338,538
337,538
337,539
337,539
337,540
336,540
336,541
336,541
336,542
336,542
336,542
335,543
335,543
334,544
334,544
334,545
334,545
333,546
333,547
331,548
331,549
328,552
327,552
326,553
326,553
325,554
324,554
324,555
324,555
323,556
322,556
322,556
322,556
321,556
321,556
320,557
320,557
319,557
319,557
319,558
318,558
317,558
317,558
316,558
315,558
314,559
313,559
313,559
303,559
303,559
301,559
301,558
300,558
299,558
298,558
298,558
297,558
297,557
296,557
296,557
296,557
295,556
294,556
294,556
294,556
293,555
293,555
292,555
292,555
291,554
291,554
290,553
289,553
288,552
287,552
284,549
284,548
283,547
283,546
282,546
282,545
281,544
281,544
281,544
281,543
280,542
280,542
280,542
280,541
279,540
279,540
279,540
279,539
279,539
279,538
278,538
278,537
278,537
278,535
277,535
277,533
277,533
277,523
277,523
277,522
278,521
278,520
278,520
278,519
279,518
279,518
279,517
279,517
279,516
279,516
280,516
280,515
280,515
280,514
281,514
281,513
281,513
281,512
282,512
282,511
283,510
283,510
284,508
284,508
287,505
288,505
289,503
290,503
291,502
291,502
292,502
292,502
293,501
293,501
294,501
294,501
294,500
295,500
295,500
296,500
296,499
297,499
297,499
298,499
298,499
300,499
300,498
301,498
301,498
303,498
303,497
313,497
313,498
314,498
315,498
316,498
317,499
317,499
318,499
319,499
319,499
319,499
320,500
320,500
320,500
321,500
322,501
322,501
322,501
323,501
324,502
324,502
325,502
325,502
326,503
326,503
327,504
328,504
332,508
332,509
333,510
333,510
334,511
334,511
334,512
334,513
335,513
335,514
336,514
336,515
336,515
336,515
336,516
336,516
337,517
337,517
337,518
337,518
338,519
338,520
338,520
338,521
338,521
338,523
# contour 38
340,616
339,615
339,613
339,612
339,611
339,610
339,610
338,609
338,608
338,608
338,607
338,606
338,606
337,606
337,605
337,605
337,604
336,604
336,603
336,603
336,603
335,602
335,601
334,601
334,600
334,599
334,599
332,598
332,598
329,594
328,594
327,592
326,592
326,591
325,591
325,591
324,591
324,590
323,590
323,590
322,590
322,589
322,589
321,589
321,589
320,589
320,589
319,588
319,588
319,588
318,588
317,587
316,587
316,587
315,587
314,587
312,587
312,586
304,586
303,587
302,587
301,587
300,587
300,587
299,587
298,588
298,588
297,588
296,588
296,589
295,589
295,589
294,589
294,589
294,589
293,590
293,590
293,590
292,590
291,591
291,591
291,591
290,591
289,592
289,592
287,594
287,594
283,598
283,598
282,599
282,599
281,600
281,601
281,601
281,602
280,602
280,603
280,603
280,603
279,604
279,604
279,605
279,605
279,605
279,606
278,606
278,607
278,607
278,608
277,608
277,609
277,610
277,610
277,611
277,613
276,613
276,615
276,616
276,620
# contour 39
340,620
# contour 40
340,526
339,525
339,523
339,523
339,521
339,521
339,520
338,519
338,518
338,518
338,517
338,517
338,516
337,516
337,515
337,515
337,515
336,514
336,514
336,513
336,513
336,513
336,512
335,511
335,511
334,510
334,510
333,509
333,509
327,503
327,503
326,502
326,502
325,501
325,501
324,501
324,501
323,500
323,500
322,500
322,500
322,499
321,499
321,499
320,499
320,499
319,499
319,498
318,498
318,498
317,498
317,497
315,497
315,497
313,497
313,497
310,497
310,496
306,496
305,497
303,497
302,497
301,497
300,497
299,497
299,498
298,498
298,498
297,498
296,499
296,499
296,499
295,499
294,499
294,499
294,500
293,500
293,500
293,500
292,501
292,501
291,501
291,501
290,502
289,502
289,503
288,503
282,509
282,509
282,510
282,510
281,511
281,511
280,512
280,513
280,513
280,513
279,514
279,514
279,515
279,515
279,515
279,516
278,516
278,517
278,517
278,518
277,518
277,519
277,520
277,521
277,521
277,523
276,523
276,526
276,526
276,530
276,531
276,534
277,534
277,535
277,536
277,537
277,537
277,538
278,539
278,539
278,540
278,540
279,540
279,541
279,542
279,542
279,542
279,543
280,543
280,544
280,544
280,544
281,545
281,546
282,546
282,547
283,548
283,548
288,554
289,554
289,554
290,554
291,555
291,555
292,556
292,556
293,556
293,556
293,557
294,557
294,557
294,557
295,558
296,558
296,558
296,558
297,558
298,558
298,559
299,559
299,559
300,559
301,560
302,560
303,560
305,560
306,560
310,560
310,560
313,560
313,560
315,560
315,559
317,559
317,559
318,559
318,558
319,558
319,558
320,558
320,558
321,558
321,557
322,557
322,557
322,557
323,556
323,556
324,556
324,556
325,555
325,555
326,554
326,554
327,553
328,553
330,551
330,551
330,551
333,548
333,547
334,547
334,546
335,546
335,545
336,544
336,544
336,544
336,543
336,543
336,542
337,542
337,542
337,541
337,541
338,540
338,540
338,539
338,539
338,538
338,537
339,537
339,536
339,535
339,534
339,534
339,531
340,531
# contour 41
268,620
268,620
268,619
267,619
267,618
267,618
267,617
267,617
267,616
266,615
266,615
266,615
266,614
265,613
265,613
265,612
265,611
265,611
265,611
264,610
264,610
264,609
264,608
263,608
263,607
263,607
263,606
263,606
263,605
262,605
262,605
262,604
262,603
261,603
261,603
261,602
261,602
261,601
261,601
260,600
260,600
260,599
260,599
260,598
260,598
259,598
259,597
259,597
259,596
258,596
258,595
258,595
258,594
258,594
258,594
257,593
257,592
257,592
257,592
256,591
256,591
255,590
255,589
253,587
253,587
252,585
252,585
245,578
244,578
243,577
242,577
241,575
241,575
243,572
244,572
245,571
245,571
248,568
248,567
250,565
250,565
251,563
251,563
253,561
253,561
253,561
253,560
254,560
254,560
254,559
254,559
255,558
255,558
255,558
255,557
256,556
256,556
256,556
256,555
256,555
256,554
257,554
257,553
257,553
257,553
258,552
258,552
258,551
258,551
258,551
258,550
259,550
259,549
259,549
259,549
260,548
260,548
260,547
260,547
260,547
260,546
261,546
261,546
261,545
261,544
261,544
261,543
262,543
262,542
262,542
262,541
263,541
263,540
263,540
263,539
263,539
263,538
264,538
264,537
264,537
264,536
265,536
265,535
265,535
265,534
265,534
265,532
266,532
266,531
266,531
266,530
267,529
267,528
267,528
267,527
267,527
267,525
268,525
268,524
268,523
268,523
268,522
268,521
269,521
269,520
269,520
269,519
270,519
270,518
270,518
270,517
270,517
270,516
271,516
271,515
271,515
271,514
272,514
272,513
272,513
272,512
272,511
272,511
273,511
273,510
273,509
273,509
274,508
274,508
274,508
274,507
274,507
274,506
275,506
275,506
275,505
275,505
275,504
275,504
276,504
276,503
276,503
276,502
277,502
277,502
277,501
277,501
277,501
277,500
278,500
278,499
278,499
278,499
279,498
279,498
279,497
279,497
279,497
279,496
281,495
281,495
283,492
283,492
286,489
286,489
287,487
288,487
288,487
289,487
289,486
290,486
290,485
291,485
291,485
291,485
292,485
292,485
293,484
293,484
294,483
294,483
294,483
295,483
296,482
297,482
297,482
298,482
299,482
300,482
300,481
301,481
301,481
303,481
303,480
307,480
307,480
312,480
313,480
314,480
314,481
315,481
315,481
317,481
317,482
318,482
318,482
319,482
320,482
320,482
321,483
321,483
322,483
322,483
322,483
323,483
323,484
324,484
324,484
325,484
325,485
326,485
327,486
327,486
333,492
333,492
334,493
334,493
334,494
334,494
335,495
335,495
335,495
335,496
336,497
336,497
336,497
336,498
337,498
337,499
337,499
337,499
338,500
338,501
338,501
338,502
339,502
339,502
339,503
339,503
339,504
339,504
340,505
340,505
340,506
340,506
341,506
341,507
341,508
341,508
341,508
341,509
342,509
342,509
342,510
342,512
343,512
343,515
343,515
343,516
343,517
343,520
344,520
344,524
344,525
344,529
345,529
345,535
345,535
345,543
345,543
345,545
344,545
344,547
344,547
344,549
343,549
343,550
343,550
343,551
343,551
343,552
342,553
342,553
342,554
342,554
341,555
341,556
341,556
341,557
341,557
341,558
340,558
340,559
339,559
339,560
339,560
339,561
338,561
338,562
338,562
338,563
336,564
336,564
335,566
335,566
333,568
333,568
331,570
331,571
330,572
330,572
329,573
329,573
331,575
331,575
333,577
333,578
334,579
334,579
335,580
335,581
336,582
336,582
338,584
338,584
339,585
339,585
339,586
339,586
339,587
339,587
340,587
340,588
340,588
340,589
341,589
341,590
341,590
341,591
342,591
342,591
342,592
342,592
343,592
343,593
343,594
343,594
344,594
344,595
344,595
344,596
345,596
345,598
345,598
345,599
345,600
345,601
346,601
346,603
346,603
346,605
346,605
346,606
347,607
347,610
347,610
347,615
348,616
# contour 42
253,620
253,620
253,617
253,617
253,613
252,612
252,594
253,594
253,591
253,591
253,590
253,590
254,590
254,590
254,591
255,592
255,592
256,592
256,593
256,593
256,594
256,594
256,595
257,595
257,596
257,596
257,596
258,597
258,598
258,598
258,598
258,599
258,599
259,599
259,600
259,601
259,601
260,601
260,602
260,602
260,603
260,603
260,604
261,604
261,605
261,605
261,606
261,606
261,606
262,607
262,608
262,608
262,609
263,609
263,610
263,610
263,611
263,611
263,612
264,612
264,613
264,613
264,614
265,615
265,615
265,615
265,616
265,617
265,617
266,618
266,618
266,619
266,620
267,620
# contour 43
349,614
348,613
348,608
348,608
348,606
348,606
348,605
347,604
347,603
347,602
347,601
346,600
346,599
346,599
346,597
346,597
346,595
345,595
345,594
345,594
345,594
344,593
344,592
344,592
344,592
343,591
343,591
343,591
343,590
343,590
343,589
342,589
342,588
341,588
341,587
341,587
341,587
341,586
341,586
340,585
340,585
339,584
339,584
339,583
339,583
338,582
338,581
336,580
336,580
335,579
335,578
334,577
334,577
332,575
332,574
331,573
331,573
332,572
332,571
334,570
334,569
336,567
336,567
337,565
337,565
338,564
338,563
339,563
339,562
340,561
340,561
340,561
340,560
341,560
341,559
342,558
342,558
342,558
342,557
343,556
343,556
343,555
343,554
343,554
343,553
344,553
344,552
344,552
344,551
345,551
345,550
345,549
345,548
345,547
345,546
346,546
346,544
346,544
346,542
346,542
346,540
346,540
346,532
346,532
346,528
345,527
345,523
345,523
345,519
345,518
345,516
344,516
344,513
344,513
344,511
343,511
343,509
343,509
343,508
343,508
343,508
342,507
342,507
342,506
342,506
341,505
341,505
341,504
341,504
341,504
341,503
340,503
340,502
340,502
340,501
339,501
339,501
339,500
339,499
338,499
338,498
338,498
338,497
337,497
337,496
337,496
337,495
336,495
336,495
336,494
336,494
335,493
335,493
335,492
335,492
334,491
334,491
327,484
327,484
327,484
326,484
326,483
326,483
325,483
325,483
324,483
324,483
324,482
323,482
323,482
322,482
322,482
322,482
321,481
320,481
320,481
319,481
319,480
317,480
317,480
316,480
316,480
315,480
314,479
313,479
313,479
304,479
303,479
302,479
302,480
301,480
301,480
300,480
299,480
298,480
298,481
296,481
296,481
295,481
295,482
294,482
294,482
294,482
293,482
293,482
292,483
292,483
291,483
291,483
291,484
290,484
290,484
289,484
289,485
288,485
288,485
287,485
287,486
287,486
284,488
284,489
282,491
282,492
279,494
279,495
278,495
278,496
278,496
278,497
277,497
277,497
277,498
277,498
277,499
277,499
276,499
276,500
276,500
276,501
275,501
275,501
275,502
275,502
275,502
275,503
274,503
274,504
274,504
274,504
274,505
274,505
273,506
273,506
273,506
273,507
272,507
272,508
272,508
272,509
272,509
272,510
271,510
271,511
271,511
271,512
270,512
270,513
270,513
270,514
270,515
270,515
269,515
269,516
269,516
269,517
268,518
268,518
268,518
268,519
268,520
268,520
267,521
267,521
267,522
267,523
267,523
267,524
266,525
266,526
266,526
266,527
265,528
265,528
265,529
265,530
265,530
265,531
264,532
264,533
264,533
264,534
263,534
263,535
263,535
263,536
263,537
263,537
262,537
262,538
262,539
262,539
261,540
261,540
261,540
261,541
261,542
261,542
260,543
260,543
260,544
260,544
260,545
260,545
259,546
259,546
259,546
259,547
258,547
258,548
258,548
258,549
258,549
258,549
257,550
257,550
257,551
257,551
256,551
256,552
256,552
256,553
256,553
256,553
255,554
255,554
255,554
255,555
255,555
255,556
254,556
254,556
254,557
254,557
253,558
253,558
253,558
253,559
253,559
253,560
252,560
251,559
251,557
251,556
251,554
251,553
251,551
250,550
250,548
250,547
250,542
250,542
250,534
251,534
251,530
251,529
251,527
251,527
251,524
252,524
252,522
252,521
252,520
253,520
253,519
253,518
253,518
253,517
253,516
254,516
254,515
254,515
254,514
255,513
255,513
255,512
255,512
255,511
255,511
256,510
256,510
256,509
256,509
256,509
256,508
257,508
257,508
257,507
257,507
258,506
258,506
258,506
258,505
258,504
258,504
259,504
259,503
259,503
259,502
260,502
260,501
260,501
260,501
260,500
260,500
261,499
261,499
261,498
261,498
261,497
261,497
262,497
262,496
263,495
263,495
263,494
263,494
265,492
265,492
266,491
266,490
267,489
267,489
268,488
268,487
270,486
270,486
274,482
274,482
277,479
278,479
# contour 44
345,479
345,479
346,480
346,480
346,480
347,480
347,480
348,480
348,481
348,481
351,483
351,484
353,486
353,486
354,487
354,487
355,488
355,489
355,489
355,489
355,490
355,490
356,491
356,491
357,492
357,492
357,492
357,493
357,493
357,494
358,494
358,495
358,495
358,495
358,496
358,497
359,497
359,499
359,499
359,500
360,500
360,501
360,501
360,502
360,502
360,504
361,504
361,513
360,514
360,515
361,515
361,525
360,525
360,527
360,528
360,530
360,530
360,532
359,533
359,535
359,536
359,539
358,539
358,541
358,542
358,544
358,545
358,547
357,548
357,551
357,551
357,553
357,554
357,556
356,557
356,560
356,560
356,563
355,563
355,566
355,566
355,570
355,570
355,575
355,576
355,577
355,578
355,579
356,579
356,581
356,581
356,583
357,583
357,584
357,585
357,586
357,587
357,588
358,589
358,590
358,590
358,592
358,592
358,593
359,594
359,595
359,595
359,596
360,596
360,598
360,598
360,599
360,599
360,600
361,601
361,603
361,603
361,605
362,606
362,608
362,608
362,611
362,611
362,613
363,613
363,615
363,616
363,618
364,618
364,620
364,620
# contour 45
71,620
69,618
72,614
72,613
73,610
73,605
71,601
71,600
67,596
65,595
61,594
58,594
58,594
60,592
61,591
64,589
65,585
65,582
65,582
65,580
64,577
61,574
66,572
71,568
73,563
73,558
73,558
73,557
71,554
69,551
71,548
73,545
73,542
74,541
74,538
72,534
70,531
73,529
73,526
76,520
75,518
74,516
72,511
71,511
66,513
59,519
57,520
56,520
56,519
57,517
61,513
62,509
63,507
65,502
67,500
83,487
# contour 46
265,480
268,481
270,481
274,480
# contour 47
267,487
267,488
261,494
253,512
253,515
251,519
251,521
250,523
250,525
250,526
250,528
249,528
249,532
249,532
249,539
249,539
249,546
248,546
244,544
233,543
229,541
224,540
217,537
215,533
210,528
206,523
207,523
213,522
214,522
216,522
216,521
222,521
226,519
229,519
234,516
235,516
241,513
246,508
249,504
252,498
252,497
252,497
252,492
252,491
252,490
249,485
248,482
# contour 48
99,479
93,485
91,489
90,492
90,494
89,494
89,499
90,503
92,505
90,508
89,509
87,514
87,515
85,522
85,527
86,528
86,530
87,533
88,536
91,541
97,547
102,551
94,558
88,564
83,571
82,573
82,575
81,575
82,582
85,587
85,588
87,593
93,599
104,607
97,615
94,620
# contour 49
215,619
217,617
222,614
227,611
234,609
239,608
240,608
243,608
244,608
251,607
251,608
251,614
251,615
252,620
# contour 50
365,620
365,619
365,618
365,617
364,615
364,613
364,612
364,610
363,610
363,607
363,607
362,600
359,591
359,589
358,587
358,586
358,585
358,584
357,582
357,579
356,577
356,574
356,574
357,565
357,564
357,561
357,561
357,558
358,558
358,549
359,549
359,546
359,546
359,543
360,542
360,540
360,540
360,537
360,536
361,531
361,531
361,529
362,526
362,507
362,507
362,504
361,502
361,501
360,498
360,497
359,493
355,486
352,483
350,480
# contour 51
387,481
386,483
380,492
379,493
374,501
372,505
371,506
367,516
365,521
364,526
364,527
364,528
363,528
362,539
362,539
362,541
361,544
361,546
360,547
360,549
360,549
360,552
360,552
360,554
359,555
359,557
359,558
359,560
358,560
358,572
358,572
358,576
359,579
359,580
360,582
360,587
361,588
361,589
362,592
362,594
363,598
363,599
364,601
364,603
364,603
364,605
365,607
365,609
365,609
365,611
366,611
366,613
366,614
366,615
367,618
# contour 52
368,616
368,613
367,612
367,610
367,610
367,608
367,608
367,606
366,605
366,604
366,603
366,602
365,601
365,598
365,598
365,597
364,596
364,595
364,593
364,592
363,591
363,590
363,590
363,589
362,587
362,585
362,585
361,582
361,581
361,580
360,579
360,578
360,577
360,575
360,575
360,565
360,565
360,561
360,561
360,559
361,558
361,556
361,556
361,553
362,553
362,551
362,550
362,545
363,545
363,543
363,542
363,540
364,540
364,538
364,537
364,535
364,535
364,532
365,532
365,530
365,529
365,527
365,527
365,525
366,525
366,522
367,522
368,516
373,507
374,506
376,501
377,501
379,495
382,492
382,491
385,488
388,484
388,483
388,482
# contour 53
272,479
271,479
268,479
267,479
# contour 54
90,480
87,482
86,483
81,487
78,490
77,490
75,492
75,492
73,493
73,493
71,495
71,495
69,496
65,499
64,501
64,501
63,501
63,492
62,492
62,487
62,487
62,483
62,483
# contour 55
30,480
31,481
31,483
31,483
31,485
31,486
31,488
32,488
32,493
32,494
32,498
33,499
33,504
33,504
33,507
33,507
33,510
34,510
34,513
34,513
34,516
35,516
35,519
35,520
35,523
35,523
36,537
36,537
36,544
36,544
36,573
36,573
36,585
36,585
36,594
35,594
35,608
35,609
34,615
34,615
34,618
33,618
